#Energy(eV)    Se(eV/A)   Range(A)
   1.0000000000000000E+00   0.0000000000000000E+00   0.0000000000000000E+00
   2.0000000000000000E+00   2.7588740910216045E-03   0.0000000000000000E+00
   3.0000000000000000E+00   6.7805778870308562E-03   0.0000000000000000E+00
   4.0000000000000000E+00   1.1044649666998871E-02   0.0000000000000000E+00
   5.0000000000000000E+00   1.5622989310070789E-02   0.0000000000000000E+00
   6.0000000000000000E+00   2.0559992290737562E-02   0.0000000000000000E+00
   7.0000000000000000E+00   2.5882000787396397E-02   0.0000000000000000E+00
   8.0000000000000000E+00   3.1601393850040120E-02   0.0000000000000000E+00
   8.1490000000000009E+00   3.2618113560115007E-02   0.0000000000000000E+00
   8.1509999999999998E+00   3.2615321559115396E-02   0.0000000000000000E+00
   9.0000000000000000E+00   3.7730472689256826E-02   0.0000000000000000E+00
   1.0000000000000000E+01   4.4284992715537111E-02   0.0000000000000000E+00
   1.1000000000000000E+01   5.1286033321517349E-02   0.0000000000000000E+00
   1.2000000000000000E+01   6.0301827981447023E-02   1.8040865578300799E+01
   1.3000000000000000E+01   6.8379384655234840E-02   3.3644633539760768E+01
   1.3459000000000000E+01   7.1017416612722234E-02   4.0232509898561993E+01
   1.3460999999999999E+01   7.1014518008829047E-02   4.0260672579105083E+01
   1.4000000000000000E+01   7.7008856115443822E-02   4.7555268725064380E+01
   1.5000000000000000E+01   8.6232139348961692E-02   5.9846330618902549E+01
   1.6000000000000000E+01   9.6099034704104400E-02   7.0847598674536812E+01
   1.7000000000000000E+01   1.0666586260563658E-01   8.0738099903393845E+01
   1.8000000000000000E+01   1.1799901749007148E-01   8.9662958655427062E+01
   1.9000000000000000E+01   1.3017570211956678E-01   9.7741244647360816E+01
   2.0000000000000000E+01   1.4328772088849240E-01   1.0507168976058841E+02
   2.1000000000000000E+01   1.5744137587434268E-01   1.1173695755375391E+02
   2.2000000000000000E+01   1.7548710415407201E-01   1.1776195501940776E+02
   2.3000000000000000E+01   1.9230862302417198E-01   1.2321115464701768E+02
   2.4000000000000000E+01   2.1064211890674039E-01   1.2818483637808686E+02
   2.5000000000000000E+01   2.3070034684971660E-01   1.3272584429562377E+02
   2.6000000000000000E+01   2.5274123043596319E-01   1.3687146590637801E+02
   2.7000000000000000E+01   2.7707669959116216E-01   1.4065432839551144E+02
   2.8000000000000000E+01   3.0408691730688503E-01   1.4410314960333105E+02
   2.9000000000000000E+01   3.3424409061309357E-01   1.4724332908922227E+02
   3.0000000000000000E+01   3.6813182677169809E-01   1.5009745095673566E+02
   3.1000000000000000E+01   4.0648371074099671E-01   1.5268572165568023E+02
   3.2000000000000000E+01   4.5022287859310139E-01   1.5502634431283087E+02
   3.3000000000000000E+01   5.0818819657585812E-01   1.5712079285080009E+02
   3.4000000000000000E+01   5.6763838604302108E-01   1.5898552279621489E+02
   3.5000000000000000E+01   6.3721004999626829E-01   1.6065103588183931E+02
   3.6000000000000000E+01   7.1917010063590237E-01   1.6213095230518107E+02
   3.7000000000000000E+01   8.1603708764536131E-01   1.6343891536607660E+02
   3.8000000000000000E+01   9.3018054887387669E-01   1.6458916266906650E+02
   3.9000000000000000E+01   1.0630522540794243E+00   1.6559703648774996E+02
   4.0000000000000000E+01   1.2141919805531527E+00   1.6647917674662659E+02
   4.1000000000000000E+01   1.3808395609187620E+00   1.6725307178808239E+02
   4.2000000000000000E+01   1.5691343019509221E+00   1.6793381737562814E+02
   4.3000000000000000E+01   1.7515350059299755E+00   1.6853792830732834E+02
   4.4000000000000000E+01   1.9150940855728555E+00   1.6908447597793818E+02
   4.5000000000000000E+01   2.1203974663058918E+00   1.6958136460335774E+02
   4.6000000000000000E+01   2.2963697308657181E+00   1.7003490442271342E+02
   4.7000000000000000E+01   2.4358135338678442E+00   1.7045790962334704E+02
   4.8000000000000000E+01   2.5738650569545229E+00   1.7085744023000089E+02
   4.9000000000000000E+01   2.7500201583257877E+00   1.7123351745748019E+02
   5.0000000000000000E+01   2.8841551411378803E+00   1.7158869529979196E+02
   5.1000000000000000E+01   2.9745737903296523E+00   1.7193014760134037E+02
   5.2000000000000000E+01   3.1025183316777691E+00   1.7225939831193662E+02
   5.3000000000000000E+01   3.2272940958710103E+00   1.7257548626589337E+02
   5.4000000000000000E+01   3.3078638818848489E+00   1.7288156976763543E+02
   5.5000000000000000E+01   3.3853559132794437E+00   1.7318041967590355E+02
   5.6000000000000000E+01   3.4598895480195511E+00   1.7347262791782384E+02
   5.7000000000000000E+01   3.5717632857532515E+00   1.7375712808200285E+02
   5.8000000000000000E+01   3.6404262231750648E+00   1.7403446151729773E+02
   5.9000000000000000E+01   3.6669001487835526E+00   1.7430816302586186E+02
   6.0000000000000000E+01   3.7307452561769283E+00   1.7457853945936193E+02
   6.1000000000000000E+01   3.7921854495070404E+00   1.7484441103105959E+02
   6.2000000000000000E+01   3.8513212508874046E+00   1.7510608669901745E+02
   6.3000000000000000E+01   3.9082470096677948E+00   1.7536384687050469E+02
   6.4000000000000000E+01   3.9253977500779755E+00   1.7561915709302053E+02
   6.5000000000000000E+01   3.9785642488161539E+00   1.7587220619645441E+02
   6.6000000000000000E+01   3.9929474423607916E+00   1.7612310045449186E+02
   6.7000000000000000E+01   4.0427028260108751E+00   1.7637200086872960E+02
   6.8000000000000000E+01   4.0546457755075256E+00   1.7661899583575106E+02
   6.9000000000000000E+01   4.1012921239298521E+00   1.7686422396865817E+02
   7.0000000000000000E+01   4.1110717012006726E+00   1.7710775955460772E+02
   7.1000000000000000E+01   4.1200646089332000E+00   1.7735073966233122E+02
   7.2000000000000000E+01   4.1627362149510754E+00   1.7759221028642332E+02
   7.3000000000000000E+01   4.1699116012297539E+00   1.7783223020892180E+02
   7.4000000000000000E+01   4.1764469597517548E+00   1.7807185581470256E+02
   7.5000000000000000E+01   4.1823829219512971E+00   1.7831112387457583E+02
   7.6000000000000000E+01   4.1877612174529268E+00   1.7855006848442360E+02
   7.7000000000000000E+01   4.2251142471171077E+00   1.7878780401683582E+02
   7.8000000000000000E+01   4.2291025810220368E+00   1.7902437240463161E+02
   7.9000000000000000E+01   4.2326285853052719E+00   1.7926073069916558E+02
   8.0000000000000000E+01   4.2357260007990796E+00   1.7949690411954262E+02
   8.1000000000000000E+01   4.2384144346497274E+00   1.7973291628107475E+02
   8.2000000000000000E+01   4.2407208630939941E+00   1.7996878940701879E+02
   8.3000000000000000E+01   4.2426666825365453E+00   1.8020454429791135E+02
   8.4000000000000000E+01   4.2442729114257061E+00   1.8044020051408859E+02
   8.5000000000000000E+01   4.2455622919035223E+00   1.8067577635251556E+02
   8.6000000000000000E+01   4.2465483613939012E+00   1.8091128906644718E+02
   8.7000000000000000E+01   4.2472509572857966E+00   1.8114675495616819E+02
   8.8000000000000000E+01   4.2476826175539264E+00   1.8138218940513053E+02
   8.9000000000000000E+01   4.2478637196649380E+00   1.8161760687229764E+02
   9.0000000000000000E+01   4.2477683710734651E+00   1.8185302196312205E+02
   9.1000000000000000E+01   4.2195310135620749E+00   1.8208922741094355E+02
   9.2000000000000000E+01   4.2191049043652926E+00   1.8232623254122186E+02
   9.3000000000000000E+01   4.2183430104289839E+00   1.8256327104344490E+02
   9.4000000000000000E+01   4.2172671004512585E+00   1.8280036118941493E+02
   9.5000000000000000E+01   4.2159024551539410E+00   1.8303751995151302E+02
   9.6000000000000000E+01   4.2142661382382105E+00   1.8327476313985437E+02
   9.7000000000000000E+01   4.1866813935826528E+00   1.8351283409027590E+02
   9.8000000000000000E+01   4.1848844973023471E+00   1.8375173803228759E+02
   9.9000000000000000E+01   4.1828599587502051E+00   1.8399075108145266E+02
   1.0000000000000000E+02   4.1806233623755809E+00   1.8422988590916006E+02
   1.0399900000000000E+02   4.1461971171023944E+00   1.8519041300743100E+02
   1.0400100000000000E+02   4.1461447781348237E+00   1.8519089538020950E+02
   1.1000000000000000E+02   4.0837561846256207E+00   1.8664883388848384E+02
   1.2000000000000000E+02   3.9717633241902828E+00   1.8913208358884259E+02
   1.3000000000000000E+02   3.8506936864626060E+00   1.9168943762576680E+02
   1.4000000000000000E+02   3.7417530179749243E+00   1.9432417702526172E+02
   1.5000000000000000E+02   3.6436303690222127E+00   1.9703270682839582E+02
   1.5399900000000000E+02   3.5919477536272679E+00   1.9813813447289289E+02
   1.5400100000000000E+02   3.5919135501271842E+00   1.9813869127651574E+02
   1.6000000000000000E+02   3.5403777851157989E+00   1.9982098745489716E+02
   1.7000000000000000E+02   3.4495665969686420E+00   2.0268272356557790E+02
   1.8000000000000000E+02   3.4668726192735950E+00   2.0557440302539146E+02
   1.9000000000000000E+02   3.3820474345075611E+00   2.0849501943978018E+02
   2.0000000000000000E+02   3.3042319034865093E+00   2.1148662482437575E+02
   2.1000000000000000E+02   3.2376288088354563E+00   2.1454417590583176E+02
   2.2000000000000000E+02   3.1748469576590681E+00   2.1766339506874439E+02
   2.3000000000000000E+02   3.1196931948580442E+00   2.2084099583733604E+02
   2.4000000000000000E+02   3.0747993505402875E+00   2.2406983991117579E+02
   2.5000000000000000E+02   3.0360537729762127E+00   2.2734283693057105E+02
   2.6000000000000000E+02   3.0068315502764076E+00   2.3065259156622852E+02
   2.7000000000000000E+02   2.9796478118524092E+00   2.3399352221779355E+02
   2.8000000000000000E+02   2.9581035464698031E+00   2.3736184502142962E+02
   2.9000000000000000E+02   2.9374607553974865E+00   2.4075426755750286E+02
   3.0000000000000000E+02   2.9153660843324074E+00   2.4417146843678398E+02
   3.1000000000000000E+02   2.8965778263522628E+00   2.4761269383679348E+02
   3.2000000000000000E+02   2.8768601639577671E+00   2.5107687467899589E+02
   3.3000000000000000E+02   2.8646166953323782E+00   2.5456031481787730E+02
   3.4000000000000000E+02   2.8466430485783709E+00   2.5806220388925948E+02
   3.5000000000000000E+02   2.8280848848967119E+00   2.6158663962191815E+02
   3.6000000000000000E+02   2.8113532581807190E+00   2.6513312342820711E+02
   3.7000000000000000E+02   2.7917166106176277E+00   2.6870263908997680E+02
   3.8000000000000000E+02   2.7748388777054318E+00   2.7229555824846625E+02
   3.9000000000000000E+02   2.7561218523144291E+00   2.7591160797548974E+02
   4.0000000000000000E+02   2.7400626025739587E+00   2.7955052710466197E+02
   4.1000000000000000E+02   2.7220654367212997E+00   2.8321214341716831E+02
   4.2000000000000000E+02   2.7066277912184926E+00   2.8689630107640863E+02
   4.3000000000000000E+02   2.6892013478585803E+00   2.9060290632552915E+02
   4.4000000000000000E+02   2.6720206288086428E+00   2.9433343743987086E+02
   4.5000000000000000E+02   2.6582528500973712E+00   2.9808561516802325E+02
   4.6000000000000000E+02   2.6380210387726315E+00   3.0186191002611002E+02
   4.7000000000000000E+02   2.6242933191903806E+00   3.0566254502150736E+02
   4.8000000000000000E+02   2.6060379057824581E+00   3.0948644121206695E+02
   4.9000000000000000E+02   2.5931556696556357E+00   3.1333321523465492E+02
   5.0000000000000000E+02   2.5758585821672462E+00   3.1720246824557847E+02
   5.1000000000000000E+02   2.5576826776911363E+00   3.2109846317581065E+02
   5.2000000000000000E+02   2.5432377283327829E+00   3.2501935564123914E+02
   5.3000000000000000E+02   2.5231948189799023E+00   3.2896696825031631E+02
   5.4000000000000000E+02   2.5120414111679290E+00   3.3293899601965126E+02
   5.5000000000000000E+02   2.4927557299795886E+00   3.3693522132513652E+02
   5.6000000000000000E+02   2.4778765431211101E+00   3.4095889037042650E+02
   5.7000000000000000E+02   2.4612583734628979E+00   3.4500822831114192E+02
   5.8000000000000000E+02   2.4432033475246420E+00   3.4908620305899575E+02
   5.9000000000000000E+02   2.4318581039314044E+00   3.5318873766639462E+02
   6.0000000000000000E+02   2.4164138169602820E+00   3.5731396069011788E+02
   6.1000000000000000E+02   2.3994641333366307E+00   3.6146694129987810E+02
   6.2000000000000000E+02   2.3828658029772876E+00   3.6564905361606304E+02
   6.3000000000000000E+02   2.3704760491487509E+00   3.6985664829442896E+02
   6.4000000000000000E+02   2.3564135010920801E+00   3.7408779793369820E+02
   6.5000000000000000E+02   2.3407894286163042E+00   3.7834569813101967E+02
   6.6000000000000000E+02   2.3254815467542400E+00   3.8263182196449316E+02
   6.7000000000000000E+02   2.3104813554597268E+00   3.8694596550018338E+02
   6.8000000000000000E+02   2.2957807452899783E+00   3.9128792504795513E+02
   6.9000000000000000E+02   2.2813713386019217E+00   3.9565749762236527E+02
   7.0000000000000000E+02   2.2672448244007342E+00   4.0005448171362087E+02
   7.1000000000000000E+02   2.2533937238457740E+00   4.0447867700075670E+02
   7.2000000000000000E+02   2.2398097557896643E+00   4.0892988489512106E+02
   7.3000000000000000E+02   2.2246266892446820E+00   4.1340978545373690E+02
   7.4000000000000000E+02   2.2115835290761008E+00   4.1791817705553939E+02
   7.5000000000000000E+02   2.1987842494289120E+00   4.2245298445670471E+02
   7.6000000000000000E+02   2.1862229252345440E+00   4.2701401784256183E+02
   7.7000000000000000E+02   2.1720853409800429E+00   4.3160300265694895E+02
   7.8000000000000000E+02   2.1599886427768120E+00   4.3621976497942705E+02
   7.9000000000000000E+02   2.1430068337439154E+00   4.4086776231351672E+02
   8.0000000000000000E+02   2.1313943312743930E+00   4.4554681485073979E+02
   8.1000000000000000E+02   2.1199874777711814E+00   4.5025120153703131E+02
   8.2000000000000000E+02   2.1087808753957855E+00   4.5498074422886225E+02
   8.3000000000000000E+02   2.0961474026214790E+00   4.5973711085701569E+02
   8.4000000000000000E+02   2.0836069320583777E+00   4.6452212414603787E+02
   8.5000000000000000E+02   2.0697789092615180E+00   4.6933752595466234E+02
   8.6000000000000000E+02   2.0593773677639273E+00   4.7418116120869934E+02
   8.7000000000000000E+02   2.0476073766116789E+00   4.7905095389306564E+02
   8.8000000000000000E+02   2.0358719997467762E+00   4.8394877835604541E+02
   8.9000000000000000E+02   2.0228990436573668E+00   4.8887642865016801E+02
   9.0000000000000000E+02   2.0117319057725522E+00   4.9383354950423421E+02
   9.1000000000000000E+02   2.0022252731615930E+00   4.9881619164386831E+02
   9.2000000000000000E+02   1.9881934409732598E+00   5.0382825898179129E+02
   9.3000000000000000E+02   1.9775840252678516E+00   5.0887144239531005E+02
   9.4000000000000000E+02   1.9685712265875956E+00   5.1393969314879189E+02
   9.5000000000000000E+02   1.9551324237758254E+00   5.1903697785772067E+02
   9.6000000000000000E+02   1.9450386945808900E+00   5.2416499233481261E+02
   9.7000000000000000E+02   1.9364830976393796E+00   5.2931763561232765E+02
   9.8000000000000000E+02   1.9222368751299710E+00   5.3450077218496506E+02
   9.9000000000000000E+02   1.9139841940799143E+00   5.3971426019761338E+02
   1.0000000000000000E+03   1.9042896140170640E+00   5.4495226300620800E+02
   1.1000000000000000E+03   1.8068713132253249E+00   5.9888091562341640E+02
   1.2000000000000000E+03   1.7198528092467882E+00   6.5562531319927768E+02
   1.3000000000000000E+03   1.6331308716561690E+00   7.1531360847277369E+02
   1.4000000000000000E+03   1.5606646246595535E+00   7.7796728110837148E+02
   1.5000000000000000E+03   1.4958538880224617E+00   8.4343063833144174E+02
   1.6000000000000000E+03   1.4074748521313285E+00   9.1238097626821695E+02
   1.7000000000000000E+03   1.3514297004633864E+00   9.8490344459944788E+02
   1.8000000000000000E+03   1.3002877595989157E+00   1.0603543262731635E+03
   1.8439990000000000E+03   1.2517360027856776E+00   1.0948484650468608E+03
   1.8440010000000000E+03   1.2517350520892956E+00   1.0948500628284658E+03
   1.9000000000000000E+03   1.2257507422075422E+00   1.1400613498523962E+03
   2.0000000000000000E+03   1.1822300714021416E+00   1.2231456296712956E+03
   2.1000000000000000E+03   1.1420851445530129E+00   1.3092181549931693E+03
   2.2000000000000000E+03   1.1049187107848408E+00   1.3982499257815016E+03
   2.3000000000000000E+03   1.0704115364747853E+00   1.4902131298109150E+03
   2.4000000000000000E+03   1.0382894400842106E+00   1.5850802648805522E+03
   2.5000000000000000E+03   1.0083152894064671E+00   1.6828240578934976E+03
   2.6000000000000000E+03   9.8028288175303357E-01   1.7834174072393839E+03
   2.7000000000000000E+03   9.5391963471202956E-01   1.8868384093160835E+03
   2.8000000000000000E+03   9.2924369014445651E-01   1.9930609251010014E+03
   2.9000000000000000E+03   9.0603047180098539E-01   2.1020539058213321E+03
   3.0000000000000000E+03   8.8415570418208600E-01   2.2137908129950979E+03
   3.1000000000000000E+03   8.6350832736281702E-01   2.3282452594374299E+03
   3.2000000000000000E+03   8.4398868883590716E-01   2.4453910807136604E+03
   3.3000000000000000E+03   8.2536228069122064E-01   2.5652130392970134E+03
   3.4000000000000000E+03   8.0782977934855138E-01   2.6876867250813452E+03
   3.5000000000000000E+03   7.9118047067297437E-01   2.8127776589107743E+03
   3.6000000000000000E+03   7.7534715629170514E-01   2.9404616078034064E+03
   3.7000000000000000E+03   7.6026855369017421E-01   3.0707150847077924E+03
   3.8000000000000000E+03   7.4588872439363585E-01   3.2035154469262384E+03
   3.9000000000000000E+03   7.3215661922324560E-01   3.3388409738791343E+03
   4.0000000000000000E+03   7.1884011480449272E-01   3.4766888697314944E+03
   4.1000000000000000E+03   7.0626581792871002E-01   3.6170402409090548E+03
   4.2000000000000000E+03   6.9421240617556457E-01   3.7598591812574182E+03
   4.3000000000000000E+03   6.8264464125012236E-01   3.9051277976734305E+03
   4.4000000000000000E+03   6.7153042201899604E-01   4.0528291388999601E+03
   4.5000000000000000E+03   6.6084050896510127E-01   4.2029471507902881E+03
   4.6000000000000000E+03   6.5054823791779459E-01   4.3554666234739361E+03
   4.7000000000000000E+03   6.4044309081892825E-01   4.5103958240329439E+03
   4.8000000000000000E+03   6.3089049330378155E-01   4.6677198298600633E+03
   4.9000000000000000E+03   6.2168372581189457E-01   4.8273996339354280E+03
   5.0000000000000000E+03   6.1260012606672987E-01   4.9894456920302418E+03
   5.1000000000000000E+03   6.0402569852332455E-01   5.1538429376728718E+03
   5.2000000000000000E+03   5.9574431371358660E-01   5.3205494958061372E+03
   5.3000000000000000E+03   5.8752877193801201E-01   5.4895803341815126E+03
   5.4000000000000000E+03   5.7978615091072094E-01   5.6609212426231697E+03
   5.5000000000000000E+03   5.7207866488808290E-01   5.8345605034000955E+03
   5.6000000000000000E+03   5.6460657063773034E-01   6.0105183117009201E+03
   5.7000000000000000E+03   5.5757572535634470E-01   6.1887494706673378E+03
   5.8000000000000000E+03   5.5054285879628950E-01   6.3692428395513989E+03
   5.9000000000000000E+03   5.4371450828389079E-01   6.5520223156246566E+03
   6.0000000000000000E+03   5.3729981230316870E-01   6.7370402555499641E+03
   6.1000000000000000E+03   5.3085384734701391E-01   6.9242860529402078E+03
   6.2000000000000000E+03   5.2458676087974609E-01   7.1137870541227639E+03
   6.3000000000000000E+03   5.1849101041290391E-01   7.3055338597914570E+03
   6.4000000000000000E+03   5.1255947959880777E-01   7.4995172013730016E+03
   6.5000000000000000E+03   5.0678544293215200E-01   7.6957279373097272E+03
   6.6000000000000000E+03   5.0116253867822669E-01   7.8941570506392545E+03
   6.7000000000000000E+03   4.9568473679029124E-01   8.0947956483336056E+03
   6.8000000000000000E+03   4.9056066445543051E-01   8.2975904077408959E+03
   6.9000000000000000E+03   4.8535529636445263E-01   8.5025319171906922E+03
   7.0000000000000000E+03   4.8027872772274777E-01   8.7096554473021843E+03
   7.1000000000000000E+03   4.7532609255373337E-01   8.9189526044786890E+03
   7.2000000000000000E+03   4.7028262633846651E-01   9.1304625932833042E+03
   7.3000000000000000E+03   4.6556539445019612E-01   9.3441779372366764E+03
   7.4000000000000000E+03   4.6095894534831772E-01   9.5600437652504243E+03
   7.5000000000000000E+03   4.5645929711652400E-01   9.7780520869150932E+03
   7.6000000000000000E+03   4.5206265861076877E-01   9.9981950154088554E+03
   7.7000000000000000E+03   4.4776541336638381E-01   1.0220464766330810E+04
   7.8000000000000000E+03   4.4356412103852938E-01   1.0444853654859066E+04
   7.9000000000000000E+03   4.3945549693657582E-01   1.0671354092634945E+04
   8.0000000000000000E+03   4.3543639906841458E-01   1.0899958588393727E+04
   8.1000000000000000E+03   4.3130546304898770E-01   1.1130713040086239E+04
   8.2000000000000000E+03   4.2745796669978586E-01   1.1363610724972472E+04
   8.3000000000000000E+03   4.2369141729821203E-01   1.1598591705286392E+04
   8.4000000000000000E+03   4.2000320389966128E-01   1.1835648831236087E+04
   8.5000000000000000E+03   4.1639080981612897E-01   1.2074775041561858E+04
   8.6000000000000000E+03   4.1266053762648458E-01   1.2316019506941117E+04
   8.7000000000000000E+03   4.0919412201270222E-01   1.2559375866461392E+04
   8.8000000000000000E+03   4.0579664175141894E-01   1.2804781685303355E+04
   8.9000000000000000E+03   4.0227891586130016E-01   1.3052287983795104E+04
   9.0000000000000000E+03   3.9901446626846909E-01   1.3301888596967210E+04
   9.1000000000000000E+03   3.9581287178729535E-01   1.3553519656310766E+04
   9.2000000000000000E+03   3.9267225834957781E-01   1.3807174627621818E+04
   9.3000000000000000E+03   3.8940937876960496E-01   1.4062906857812995E+04
   9.4000000000000000E+03   3.8638683519730721E-01   1.4320710430828658E+04
   9.5000000000000000E+03   3.8342010415000360E-01   1.4580519689844734E+04
   9.6000000000000000E+03   3.8033024949429672E-01   1.4842389648438773E+04
   9.7000000000000000E+03   3.7747181297812832E-01   1.5106314564397648E+04
   9.8000000000000000E+03   3.7466459003772856E-01   1.5372227482982142E+04
   9.9000000000000000E+03   3.7173384853250518E-01   1.5640185015058465E+04
   1.0000000000000000E+04   3.6902620835979866E-01   1.5910181581827785E+04
   1.1000000000000000E+04   3.4370895476103885E-01   1.8719818052779538E+04
   1.2000000000000000E+04   3.2198953377933359E-01   2.1727382711514627E+04
   1.3000000000000000E+04   3.0324319582576265E-01   2.4929069828485539E+04
   1.4000000000000000E+04   2.8675583192344301E-01   2.8321555141831592E+04
   1.5000000000000000E+04   2.7223315345152216E-01   3.1901859784400800E+04
   1.6000000000000000E+04   2.5933593816916545E-01   3.5666521926199333E+04
   1.7000000000000000E+04   2.4769208692250783E-01   3.9613158465821019E+04
   1.8000000000000000E+04   2.3721124309831954E-01   4.3739619697095783E+04
   1.9000000000000000E+04   2.2782020663475661E-01   4.8042158724127192E+04
   2.0000000000000000E+04   2.1600377826209449E-01   5.2551646184368074E+04
   2.1000000000000000E+04   2.0811895068180220E-01   5.7268892741419884E+04
   2.2000000000000000E+04   2.0087865809847710E-01   6.2160429788795613E+04
   2.3000000000000000E+04   1.9420534171816928E-01   6.7224089080021964E+04
   2.4000000000000000E+04   1.8803354732593419E-01   7.2457783525752006E+04
   2.5000000000000000E+04   1.8230763675247552E-01   7.7859500364989930E+04
   2.6000000000000000E+04   1.7698000184034945E-01   8.3427295191346930E+04
   2.7000000000000000E+04   1.7200965636158499E-01   8.9159286699096570E+04
   2.8000000000000000E+04   1.6736111548740767E-01   9.5053652039110006E+04
   2.9000000000000000E+04   1.6300349636364164E-01   1.0110862269439425E+05
   3.0000000000000000E+04   1.5890979034446251E-01   1.0732248080083131E+05
   3.1000000000000000E+04   1.5505626971594580E-01   1.1369355585178570E+05
   3.2000000000000000E+04   1.5142200072486439E-01   1.2022022173477948E+05
   3.3000000000000000E+04   1.4798844121367999E-01   1.2690089405709648E+05
   3.4000000000000000E+04   1.4473910618110808E-01   1.3373402772407469E+05
   3.5000000000000000E+04   1.4165928820599633E-01   1.4071811473854919E+05
   3.6000000000000000E+04   1.3873582244047275E-01   1.4785168219571508E+05
   3.7000000000000000E+04   1.3595688814231824E-01   1.5513329045048292E+05
   3.8000000000000000E+04   1.3331184018551084E-01   1.6256153143784893E+05
   3.9000000000000000E+04   1.3079106544603109E-01   1.7013502712968449E+05
   4.0000000000000000E+04   1.2838585982121645E-01   1.7785242811296994E+05
   4.1000000000000000E+04   1.2608832250383617E-01   1.8571241227747619E+05
   4.2000000000000000E+04   1.2389126477562289E-01   1.9371368360100823E+05
   4.3000000000000000E+04   1.2178813096054507E-01   2.0185497102326027E+05
   4.4000000000000000E+04   1.1977292979543938E-01   2.1013502739908412E+05
   4.5000000000000000E+04   1.1784017451136763E-01   2.1855262852387095E+05
   4.6000000000000000E+04   1.1598483046596431E-01   2.2710657222542289E+05
   4.7000000000000000E+04   1.1420226921809604E-01   2.3579567751403595E+05
   4.8000000000000000E+04   1.1248822803893077E-01   2.4461878378783693E+05
   4.9000000000000000E+04   1.1083877428749847E-01   2.5357475008785710E+05
   5.0000000000000000E+04   1.0925027382514099E-01   2.6266245439758757E+05
   5.1000000000000000E+04   1.0771936302779002E-01   2.7188079298511130E+05
   5.2000000000000000E+04   1.0624292389273737E-01   2.8122867978394002E+05
   5.3000000000000000E+04   1.0481806189118284E-01   2.9070504580846592E+05
   5.4000000000000000E+04   1.0344208614829112E-01   3.0030883860155492E+05
   5.5000000000000000E+04   1.0211249171684891E-01   3.1003902171305742E+05
   5.6000000000000000E+04   1.0082694369011391E-01   3.1989457420588779E+05
   5.7000000000000000E+04   9.9583262916606574E-02   3.2987449018749205E+05
   5.8000000000000000E+04   9.8379413125169513E-02   3.3997777836590400E+05
   5.9000000000000000E+04   9.7213489339424475E-02   3.5020346162789332E+05
   6.0000000000000000E+04   9.6083707386817402E-02   3.6055057663732115E+05
   6.1000000000000000E+04   9.4988394416243876E-02   3.7101817345263925E+05
   6.2000000000000000E+04   9.3925980259032829E-02   3.8160531516376266E+05
   6.3000000000000000E+04   9.2894989668640682E-02   3.9231107754454290E+05
   6.4000000000000000E+04   9.1894035164055227E-02   4.0313454872051929E+05
   6.5000000000000000E+04   9.0921810577206497E-02   4.1407482885265077E+05
   6.6000000000000000E+04   8.9977085128773962E-02   4.2513102983440197E+05
   6.7000000000000000E+04   8.9058698031846129E-02   4.3630227500259428E+05
   6.8000000000000000E+04   8.8165553590970405E-02   4.4758769885792251E+05
   6.9000000000000000E+04   8.7296616599131849E-02   4.5898644679942832E+05
   7.0000000000000000E+04   8.6450908271335281E-02   4.7049767486934090E+05
   7.1000000000000000E+04   8.5627502372679437E-02   4.8212054950657062E+05
   7.2000000000000000E+04   8.4825521729783887E-02   4.9385424731257488E+05
   7.3000000000000000E+04   8.4044135027345854E-02   5.0569795482356194E+05
   7.4000000000000000E+04   8.3282553786577063E-02   5.1765086829281843E+05
   7.5000000000000000E+04   8.2540029681334476E-02   5.2971219348005310E+05
   7.6000000000000000E+04   8.1815851931311218E-02   5.4188114544916630E+05
   7.7000000000000000E+04   8.1109345015095757E-02   5.5415694837418548E+05
   7.8000000000000000E+04   8.0419866480800656E-02   5.6653883534921077E+05
   7.9000000000000000E+04   7.9746804897627477E-02   5.7902604820907605E+05
   8.0000000000000000E+04   7.9089578072599309E-02   5.9161783735272638E+05
   8.1000000000000000E+04   7.8447631223683562E-02   6.0431346157349157E+05
   8.2000000000000000E+04   7.7820435452259862E-02   6.1711218789585389E+05
   8.3000000000000000E+04   7.7207486185353447E-02   6.3001329141589976E+05
   8.4000000000000000E+04   7.6608301813959667E-02   6.4301605514910212E+05
   8.5000000000000000E+04   7.6022422378751869E-02   6.5611976988164394E+05
   8.6000000000000000E+04   7.5449408372587318E-02   6.6932373402649118E+05
   8.7000000000000000E+04   7.4888839593606607E-02   6.8262725348414166E+05
   8.8000000000000000E+04   7.4340314120656406E-02   6.9602964150623814E+05
   8.9000000000000000E+04   7.3803447268015465E-02   7.0953021856563247E+05
   9.0000000000000000E+04   7.3277870733424330E-02   7.2312831222908315E+05
   9.1000000000000000E+04   7.2763231685169488E-02   7.3682325703155552E+05
   9.2000000000000000E+04   7.2259191945989482E-02   7.5061439435905241E+05
   9.3000000000000000E+04   7.1765427275822052E-02   7.6450107233152050E+05
   9.4000000000000000E+04   7.1281626629365602E-02   7.7848264568781026E+05
   9.5000000000000000E+04   7.0807491482728413E-02   7.9255847567700432E+05
   9.6000000000000000E+04   7.0342735233869816E-02   8.0672792995034344E+05
   9.7000000000000000E+04   6.9887082570112322E-02   8.2099038245728926E+05
   9.8000000000000000E+04   6.9440268968195357E-02   8.3534521334281901E+05
   9.9000000000000000E+04   6.9002040088085026E-02   8.4979180885020003E+05
   1.0000000000000000E+05   6.8572151387638780E-02   8.6432956122368237E+05
   1.1000000000000000E+05   6.4684275296474081E-02   1.0145439986391297E+06
   1.2000000000000000E+05   6.1418710063817765E-02   1.1732509556429712E+06
   1.3000000000000000E+05   5.8637960027648747E-02   1.3399283696438158E+06
   1.4000000000000000E+05   5.6242442655215524E-02   1.5140981989655448E+06
   1.5000000000000000E+05   5.4158216082740553E-02   1.6953211274797705E+06
   1.6000000000000000E+05   5.2329196080136364E-02   1.8831921780019626E+06
   1.7000000000000000E+05   5.0712052961224080E-02   2.0773370230642471E+06
   1.8000000000000000E+05   4.9272768368510161E-02   2.2774088432786125E+06
   1.9000000000000000E+05   4.7984253096898154E-02   2.4830856242509857E+06
   2.0000000000000000E+05   4.6824662740136594E-02   2.6940678101348844E+06
   2.1000000000000000E+05   4.5776182865452500E-02   2.9100762516488112E+06
   2.2000000000000000E+05   4.4824137915857251E-02   3.1308504002447147E+06
   2.3000000000000000E+05   4.3956327131568093E-02   3.3561467095622038E+06
   2.4000000000000000E+05   4.3162522455449506E-02   3.5857372139174649E+06
   2.5000000000000000E+05   4.2434084484675214E-02   3.8194082584254541E+06
   2.6000000000000000E+05   4.1763664765988279E-02   4.0569593600658798E+06
   2.7000000000000000E+05   4.1144972767056642E-02   4.2982021833220311E+06
   2.8000000000000000E+05   4.0572591925692972E-02   4.5429596152157756E+06
   2.9000000000000000E+05   4.0041832547864406E-02   4.7910649280023864E+06
   3.0000000000000000E+05   3.9548613758988924E-02   5.0423610194777027E+06
   3.1000000000000000E+05   3.9089367648734906E-02   5.2966997216940327E+06
   3.2000000000000000E+05   3.8660961087234963E-02   5.5539411707267920E+06
   3.3000000000000000E+05   3.8260631365444282E-02   5.8139532309271842E+06
   3.4000000000000000E+05   3.7885932955131929E-02   6.0766109682305120E+06
   3.5000000000000000E+05   3.7534693584733589E-02   6.3417961661475794E+06
   3.6000000000000000E+05   3.7204976539000401E-02   6.6093968821819257E+06
   3.7000000000000000E+05   3.6895050040547057E-02   6.8793070401473651E+06
   3.8000000000000000E+05   3.6603360906437649E-02   7.1514260526566543E+06
   3.9000000000000000E+05   3.6328511680120329E-02   7.4256584744752012E+06
   4.0000000000000000E+05   3.6069242017734864E-02   7.7019136823965162E+06
   4.1000000000000000E+05   3.5824412127702585E-02   7.9801055782118654E+06
   4.2000000000000000E+05   3.5592988953052775E-02   8.2601523134252774E+06
   4.3000000000000000E+05   3.5374033556732187E-02   8.5419760348874573E+06
   4.4000000000000000E+05   3.5166691211107756E-02   8.8255026482066214E+06
   4.5000000000000000E+05   3.4970181767215058E-02   9.1106615974657927E+06
   4.6000000000000000E+05   3.4783791737009503E-02   9.3973856620504018E+06
   4.7000000000000000E+05   3.4606867933339176E-02   9.6856107648663446E+06
   4.8000000000000000E+05   3.4438810207243944E-02   9.9752757957154755E+06
   4.9000000000000000E+05   3.4279067488477644E-02   1.0266322445409598E+07
   5.0000000000000000E+05   3.4127131565983036E-02   1.0558695051127061E+07
   5.1000000000000000E+05   3.3982534168007124E-02   1.0852340452674311E+07
   5.2000000000000000E+05   3.3844842319912617E-02   1.1147207856614428E+07
   5.3000000000000000E+05   3.3713655792059691E-02   1.1443248709691593E+07
   5.4000000000000000E+05   3.3588603203787551E-02   1.1740416581133531E+07
   5.5000000000000000E+05   3.3469340390218816E-02   1.2038667052141257E+07
   5.6000000000000000E+05   3.3355547642348264E-02   1.2337957609640891E+07
   5.7000000000000000E+05   3.3246927150058267E-02   1.2638247550183229E+07
   5.8000000000000000E+05   3.3143202048472209E-02   1.2939497887556683E+07
   5.9000000000000000E+05   3.3044113616739847E-02   1.3241671266620599E+07
   6.0000000000000000E+05   3.2949420928114495E-02   1.3544731881808653E+07
   6.1000000000000000E+05   3.2858898176190074E-02   1.3848645400876466E+07
   6.2000000000000000E+05   3.2772334616097396E-02   1.4153378893470353E+07
   6.3000000000000000E+05   3.2689532690132486E-02   1.4458900761725666E+07
   6.4000000000000000E+05   3.2610307342655215E-02   1.4765180676496478E+07
   6.5000000000000000E+05   3.2534484542012583E-02   1.5072189518112926E+07
   6.6000000000000000E+05   3.2461901235597466E-02   1.5379899319241049E+07
   6.7000000000000000E+05   3.2392403849219188E-02   1.5688283210488971E+07
   6.8000000000000000E+05   3.2325848223414513E-02   1.5997315369288785E+07
   6.9000000000000000E+05   3.2262098194399742E-02   1.6306970972132627E+07
   7.0000000000000000E+05   3.2201025696451419E-02   1.6617226149732992E+07
   7.1000000000000000E+05   3.2142510100131520E-02   1.6928057941823270E+07
   7.2000000000000000E+05   3.2086436974669161E-02   1.7239444258338500E+07
   7.3000000000000000E+05   3.2032698885445188E-02   1.7551363840221081E+07
   7.4000000000000000E+05   3.1981193598439164E-02   1.7863796222809289E+07
   7.5000000000000000E+05   3.1931825147688872E-02   1.8176721700675841E+07
   7.6000000000000000E+05   3.1884502056270844E-02   1.8490121294075456E+07
   7.7000000000000000E+05   3.1839137737686263E-02   1.8803976720420584E+07
   7.8000000000000000E+05   3.1795650812922516E-02   1.9118270360672746E+07
   7.9000000000000000E+05   3.1753962806041987E-02   1.9432985234100904E+07
   8.0000000000000000E+05   3.1714000688783717E-02   1.9748104970542792E+07
   8.1000000000000000E+05   3.1675694125081102E-02   2.0063613782540783E+07
   8.2000000000000000E+05   3.1638976586028697E-02   2.0379496444513973E+07
   8.3000000000000000E+05   3.1603784540275681E-02   2.0695738269455902E+07
   8.4000000000000000E+05   3.1570058176848645E-02   2.1012325085138675E+07
   8.5000000000000000E+05   3.1537740088410815E-02   2.1329243212452415E+07
   8.6000000000000000E+05   3.1506775794699030E-02   2.1646479446951274E+07
   8.7000000000000000E+05   3.1477112842175539E-02   2.1964021041618332E+07
   8.8000000000000000E+05   3.1448702157271968E-02   2.2281855686702061E+07
   8.9000000000000000E+05   3.1421496297745009E-02   2.2599971490955904E+07
   9.0000000000000000E+05   3.1395450287316051E-02   2.2918356966941070E+07
   9.1000000000000000E+05   3.1370520891685238E-02   2.3237001015290193E+07
   9.2000000000000000E+05   3.1346667180743248E-02   2.3555892909327898E+07
   9.3000000000000000E+05   3.1323849405728466E-02   2.3875022282127161E+07
   9.4000000000000000E+05   3.1302030480991720E-02   2.4194379111346062E+07
   9.5000000000000000E+05   3.1281174059355488E-02   2.4513953705969747E+07
   9.6000000000000000E+05   3.1261246071881708E-02   2.4833736694676515E+07
   9.7000000000000000E+05   3.1242213803440295E-02   2.5153719010764185E+07
   9.8000000000000000E+05   3.1224045324208697E-02   2.5473891884427648E+07
   9.9000000000000000E+05   3.1206710716693176E-02   2.5794246831415851E+07
   1.0000000000000000E+06   3.1190180853409397E-02   2.6114775641430814E+07
   1.1000000000000000E+06   3.1063569527204127E-02   2.9327446782438911E+07
   1.2000000000000000E+06   3.0992953840658519E-02   3.2550319223899227E+07
   1.3000000000000000E+06   3.0962980555142048E-02   3.5778420757026061E+07
   1.4000000000000000E+06   3.0962955607214217E-02   3.9008085294929475E+07
   1.5000000000000000E+06   3.0985252275949934E-02   4.2236589116804622E+07
   1.6000000000000000E+06   3.1024324258458774E-02   4.5461898667067908E+07
   1.7000000000000000E+06   3.1076070377688454E-02   4.8682492353117928E+07
   1.8000000000000000E+06   3.1137415207781613E-02   5.1897232574985377E+07
   1.9000000000000000E+06   3.1206020554433944E-02   5.5105272679764263E+07
   2.0000000000000000E+06   3.1280095759297140E-02   5.8305988180507675E+07
   2.1000000000000000E+06   3.1358254109904844E-02   6.1498925283813886E+07
   2.2000000000000000E+06   3.1439411932856584E-02   6.4683762343019880E+07
   2.3000000000000000E+06   3.1522720900183224E-02   6.7860280373013750E+07
   2.4000000000000000E+06   3.1607508119688259E-02   7.1028340490390554E+07
   2.5000000000000000E+06   3.1693241256511698E-02   7.4187866544023275E+07
   2.6000000000000000E+06   3.1779502088741196E-02   7.7338831176208317E+07
   2.7000000000000000E+06   3.1865945905363929E-02   8.0481245523979291E+07
   2.8000000000000000E+06   3.1952312137911595E-02   8.3615150654350817E+07
   2.9000000000000000E+06   3.2038380708621597E-02   8.6740610825480133E+07
   3.0000000000000000E+06   3.2123984577387008E-02   8.9857708443594396E+07
   3.1000000000000000E+06   3.2208985054159443E-02   9.2966539736333147E+07
   3.2000000000000000E+06   3.2293274190077680E-02   9.6067211617746621E+07
   3.3000000000000000E+06   3.2376777247394399E-02   9.9159838405620754E+07
   3.4000000000000000E+06   3.2459417446456626E-02   1.0224454018162446E+08
   3.5000000000000000E+06   3.2541150125815363E-02   1.0532144125631970E+08
   3.6000000000000000E+06   3.2621937920094927E-02   1.0839066822833949E+08
   3.7000000000000000E+06   3.2701754585860887E-02   1.1145234908130902E+08
   3.8000000000000000E+06   3.2780582208839872E-02   1.1450661225542638E+08
   3.9000000000000000E+06   3.2858408353980025E-02   1.1755358600453345E+08
   4.0000000000000000E+06   3.2935229488700049E-02   1.2059339774347357E+08
   4.1000000000000000E+06   3.3011040859290186E-02   1.2362617371788099E+08
   4.2000000000000000E+06   3.3085850665683821E-02   1.2665203849895346E+08
   4.3000000000000000E+06   3.3159659584419493E-02   1.2967111477327381E+08
   4.4000000000000000E+06   3.3232480870986597E-02   1.3268352315833628E+08
   4.5000000000000000E+06   3.3304318287520354E-02   1.3568938210653856E+08
   4.6000000000000000E+06   3.3375192909230730E-02   1.3868880760273901E+08
   4.7000000000000000E+06   3.3445104440008790E-02   1.4168191339344984E+08
   4.8000000000000000E+06   3.3514077084939989E-02   1.4466881089808184E+08
   4.9000000000000000E+06   3.3582125027211480E-02   1.4764960860970247E+08
   5.0000000000000000E+06   3.3649266854049828E-02   1.5062441240107572E+08
   5.1000000000000000E+06   3.3715516281304751E-02   1.5359332559464118E+08
   5.2000000000000000E+06   3.3780879997900165E-02   1.5655644953289935E+08
   5.3000000000000000E+06   3.3845389770345444E-02   1.5951388283029494E+08
   5.4000000000000000E+06   3.3909053220590853E-02   1.6246572137768251E+08
   5.5000000000000000E+06   3.3971884969229107E-02   1.6541205913739687E+08
   5.6000000000000000E+06   3.4033911175263089E-02   1.6835298737754849E+08
   5.7000000000000000E+06   3.4095147787670810E-02   1.7128859465914789E+08
   5.8000000000000000E+06   3.4155598411687429E-02   1.7421896784970167E+08
   5.9000000000000000E+06   3.4215285102507931E-02   1.7714419189450756E+08
   6.0000000000000000E+06   3.4274216924686421E-02   1.8006434961438251E+08
   6.1000000000000000E+06   3.4332427579998777E-02   1.8297952124861968E+08
   6.2000000000000000E+06   3.4389927383067870E-02   1.8588978443910596E+08
   6.3000000000000000E+06   3.4446717953276501E-02   1.8879521562549639E+08
   6.4000000000000000E+06   3.4502822391326501E-02   1.9169588953025305E+08
   6.5000000000000000E+06   3.4558250946532865E-02   1.9459187882158130E+08
   6.6000000000000000E+06   3.4613020895083633E-02   1.9748325438928944E+08
   6.7000000000000000E+06   3.4667153108537956E-02   2.0037008492888737E+08
   6.8000000000000000E+06   3.4720634789447695E-02   2.0325243822007257E+08
   6.9000000000000000E+06   3.4773505148101458E-02   2.0613038038814163E+08
   7.0000000000000000E+06   3.4825782609597171E-02   2.0900397463428941E+08
   7.1000000000000000E+06   3.4877460705502905E-02   2.1187328315457171E+08
   7.2000000000000000E+06   3.4928540247317466E-02   2.1473836788020515E+08
   7.3000000000000000E+06   3.4979077578653615E-02   2.1759928791640821E+08
   7.4000000000000000E+06   3.5029023150245926E-02   2.2045610162386405E+08
   7.5000000000000000E+06   3.5078445285158279E-02   2.2330886615600121E+08
   7.6000000000000000E+06   3.5127319969557626E-02   2.2615763642726192E+08
   7.7000000000000000E+06   3.5175677491814682E-02   2.2900246668838862E+08
   7.8000000000000000E+06   3.5223522084811269E-02   2.3184340939198560E+08
   7.9000000000000000E+06   3.5270844091724950E-02   2.3468051682301983E+08
   8.0000000000000000E+06   3.5317682291195002E-02   2.3751383971988484E+08
   8.1000000000000000E+06   3.5364031431276560E-02   2.4034342711197156E+08
   8.2000000000000000E+06   3.5409903725888162E-02   2.4316932740388277E+08
   8.3000000000000000E+06   3.5455302148851446E-02   2.4599158805511233E+08
   8.4000000000000000E+06   3.5500259422401134E-02   2.4881025477919117E+08
   8.5000000000000000E+06   3.5544743219263847E-02   2.5162537295742410E+08
   8.6000000000000000E+06   3.5588801155921772E-02   2.5443698706270233E+08
   8.7000000000000000E+06   3.5632447457396507E-02   2.5724513882928067E+08
   8.8000000000000000E+06   3.5675646589667910E-02   2.6004987055116758E+08
   8.9000000000000000E+06   3.5718396446853568E-02   2.6285122572315300E+08
   9.0000000000000000E+06   3.5760758719366618E-02   2.6564924522663262E+08
   9.1000000000000000E+06   3.5802734464633661E-02   2.6844396722678095E+08
   9.2000000000000000E+06   3.5844297342454076E-02   2.7123543063091946E+08
   9.3000000000000000E+06   3.5885489760388301E-02   2.7402367348002994E+08
   9.4000000000000000E+06   3.5926309566068390E-02   2.7680873201494837E+08
   9.5000000000000000E+06   3.5966698889714738E-02   2.7959064457389140E+08
   9.6000000000000000E+06   3.6006773796726052E-02   2.8236944702068770E+08
   9.7000000000000000E+06   3.6046453984470969E-02   2.8514517361634982E+08
   9.8000000000000000E+06   3.6085810096012069E-02   2.8791785879527336E+08
   9.9000000000000000E+06   3.6124787732293551E-02   2.9068753615963262E+08
   1.0000000000000000E+07   3.6163432776510900E-02   2.9345423944477415E+08
   1.1000000000000000E+07   3.6532167496115542E-02   3.2096692866542101E+08
   1.2000000000000000E+07   3.6872100984143300E-02   3.4821388492867947E+08
   1.3000000000000000E+07   3.7187354743993380E-02   3.7521970371445453E+08
   1.4000000000000000E+07   3.7481105813662735E-02   4.0200518903691339E+08
   1.5000000000000000E+07   3.7756113258906321E-02   4.2858813224049401E+08
   1.6000000000000000E+07   3.8014612357065873E-02   4.5498385779261601E+08
   1.7000000000000000E+07   3.8258456963543533E-02   4.8120570069962615E+08
   1.8000000000000000E+07   3.8489153142974873E-02   5.0726537953967583E+08
   1.9000000000000000E+07   3.8708054847500797E-02   5.3317326058405268E+08
   2.0000000000000000E+07   3.8916302644487824E-02   5.5893855461241949E+08
   2.1000000000000000E+07   3.9114876773220286E-02   5.8456950069157219E+08
   2.2000000000000000E+07   3.9304628153674123E-02   6.1007350906031597E+08
   2.3000000000000000E+07   3.9486305331733716E-02   6.3545727525184596E+08
   2.4000000000000000E+07   3.9660561825320920E-02   6.6072687551175976E+08
   2.5000000000000000E+07   3.9827978236112616E-02   6.8588784677127969E+08
   2.6000000000000000E+07   3.9989067064881742E-02   7.1094525323079824E+08
   2.7000000000000000E+07   4.0144289566989982E-02   7.3590374228497887E+08
   2.8000000000000000E+07   4.0294052304762108E-02   7.6076759310944033E+08
   2.9000000000000000E+07   4.0438728062281902E-02   7.8554075728993773E+08
   3.0000000000000000E+07   4.0578649645498094E-02   8.1022689280865824E+08
   3.1000000000000000E+07   4.0714119789238973E-02   8.3482939519623566E+08
   3.2000000000000000E+07   4.0845405892773398E-02   8.5935142576883113E+08
   3.3000000000000000E+07   4.0972762736632501E-02   8.8379593338153017E+08
   3.4000000000000000E+07   4.1096422167482938E-02   9.0816567146363699E+08
   3.5000000000000000E+07   4.1216583468666856E-02   9.3246322015159094E+08
   3.6000000000000000E+07   4.1333440218415486E-02   9.5669100251253951E+08
   3.7000000000000000E+07   4.1447177114211094E-02   9.8085129316945684E+08
   3.8000000000000000E+07   4.1557946365491136E-02   1.0049462342751836E+09
   3.9000000000000000E+07   4.1665911228526011E-02   1.0289778452063472E+09
   4.0000000000000000E+07   4.1771184098668299E-02   1.0529480370730858E+09
   4.1000000000000000E+07   4.1873931939610858E-02   1.0768586144332213E+09
   4.2000000000000000E+07   4.1974239390749735E-02   1.1007112856427681E+09
   4.3000000000000000E+07   4.2072236876978447E-02   1.1245076755438225E+09
   4.4000000000000000E+07   4.2168033378963632E-02   1.1482493204874077E+09
   4.5000000000000000E+07   4.2261707444901153E-02   1.1719376848295112E+09
   4.6000000000000000E+07   4.2353362892420920E-02   1.1955741639897220E+09
   4.7000000000000000E+07   4.2443084451256163E-02   1.2191600841753852E+09
   4.8000000000000000E+07   4.2530947135282479E-02   1.2426967117891386E+09
   4.9000000000000000E+07   4.2617035076483158E-02   1.2661852548227038E+09
   5.0000000000000000E+07   4.2701398813434120E-02   1.2896268707116408E+09
   5.1000000000000000E+07   4.2784133918373130E-02   1.3130226642390666E+09
   5.2000000000000000E+07   4.2865279952233770E-02   1.3363736914654212E+09
   5.3000000000000000E+07   4.2944916537966955E-02   1.3596809650107300E+09
   5.4000000000000000E+07   4.3023069539490741E-02   1.3829454585060651E+09
   5.5000000000000000E+07   4.3099834618121682E-02   1.4061681030342507E+09
   5.6000000000000000E+07   4.3175205215812085E-02   1.4293497964908295E+09
   5.7000000000000000E+07   4.3249281769796692E-02   1.4524914029855175E+09
   5.8000000000000000E+07   4.3322078886558035E-02   1.4755937476758921E+09
   5.9000000000000000E+07   4.3393646210046120E-02   1.4986576309570947E+09
   6.0000000000000000E+07   4.3464034727947645E-02   1.5216838192212002E+09
   6.1000000000000000E+07   4.3533274771637286E-02   1.5446730504787848E+09
   6.2000000000000000E+07   4.3601401807436407E-02   1.5676260389000242E+09
   6.3000000000000000E+07   4.3668457504473318E-02   1.5905434722104516E+09
   6.4000000000000000E+07   4.3734455748927190E-02   1.6134260177220039E+09
   6.5000000000000000E+07   4.3799452191051746E-02   1.6362743190233674E+09
   6.6000000000000000E+07   4.3863489237365952E-02   1.6590889888786993E+09
   6.7000000000000000E+07   4.3926547717987985E-02   1.6818706290423927E+09
   6.8000000000000000E+07   4.3988686532807089E-02   1.7046198262229190E+09
   6.9000000000000000E+07   4.4049934330982574E-02   1.7273371399240341E+09
   7.0000000000000000E+07   4.4110308345900892E-02   1.7500231135243015E+09
   7.1000000000000000E+07   4.4169842847529339E-02   1.7726782730651939E+09
   7.2000000000000000E+07   4.4228549171596021E-02   1.7953031289749475E+09
   7.3000000000000000E+07   4.4286440996504736E-02   1.8178981815386252E+09
   7.4000000000000000E+07   4.4343566936626555E-02   1.8404639115607102E+09
   7.5000000000000000E+07   4.4399922833216254E-02   1.8630007851020319E+09
   7.6000000000000000E+07   4.4455572015826533E-02   1.8855092499738209E+09
   7.7000000000000000E+07   4.4510471427134130E-02   1.9079897457245936E+09
   7.8000000000000000E+07   4.4564650525396508E-02   1.9304427123450508E+09
   7.9000000000000000E+07   4.4618194881261654E-02   1.9528685579414022E+09
   8.0000000000000000E+07   4.4671051094593600E-02   1.9752676797952139E+09
   8.1000000000000000E+07   4.4723255642104526E-02   1.9976404768454545E+09
   8.2000000000000000E+07   4.4774805101804371E-02   2.0199873371784220E+09
   8.3000000000000000E+07   4.4825755806885942E-02   2.0423086332331131E+09
   8.4000000000000000E+07   4.4876137595282688E-02   2.0646047136731646E+09
   8.5000000000000000E+07   4.4925839226868693E-02   2.0868759451471982E+09
   8.6000000000000000E+07   4.4975057128143384E-02   2.1091226710479684E+09
   8.7000000000000000E+07   4.5023675552557471E-02   2.1313452126781323E+09
   8.8000000000000000E+07   4.5071727370959873E-02   2.1535439098814631E+09
   8.9000000000000000E+07   4.5119247712524985E-02   2.1757190837651706E+09
   9.0000000000000000E+07   4.5166230528244526E-02   2.1978710464125710E+09
   9.1000000000000000E+07   4.5212725822540045E-02   2.2200000973561511E+09
   9.2000000000000000E+07   4.5258732943543364E-02   2.2421065223489137E+09
   9.3000000000000000E+07   4.5304232498929425E-02   2.2641906104201913E+09
   9.4000000000000000E+07   4.5349226424580190E-02   2.2862526532416601E+09
   9.5000000000000000E+07   4.5393738990724408E-02   2.3082929345140996E+09
   9.6000000000000000E+07   4.5437810444855550E-02   2.3303117207537460E+09
   9.7000000000000000E+07   4.5481442488097018E-02   2.3523092668849354E+09
   9.8000000000000000E+07   4.5524619927869103E-02   2.3742858297325416E+09
   9.9000000000000000E+07   4.5567359262425333E-02   2.3962416644619446E+09
   1.0000000000000000E+08   4.5609679553430919E-02   2.4181770163537660E+09
   1.1000000000000000E+08   4.6011066691749078E-02   2.6364723772173033E+09
   1.2000000000000000E+08   4.6377809294535152E-02   2.8529520663420386E+09
   1.3000000000000000E+08   4.6715268529731527E-02   3.0677936343560190E+09
   1.4000000000000000E+08   4.7027899654731170E-02   3.2811448879032378E+09
   1.5000000000000000E+08   4.7319051316713184E-02   3.4931304397397203E+09
   1.6000000000000000E+08   4.7591464396906112E-02   3.7038569816097131E+09
   1.7000000000000000E+08   4.7847483779021975E-02   3.9134165409339023E+09
   1.8000000000000000E+08   4.8088890613403407E-02   4.1218893622701154E+09
   1.9000000000000000E+08   4.8317303509217230E-02   4.3293460765615292E+09
   2.0000000000000000E+08   4.8534041424469175E-02   4.5358491475601473E+09
   2.1000000000000000E+08   4.8740239455658155E-02   4.7414542642159424E+09
   2.2000000000000000E+08   4.8936875388673667E-02   4.9462113466235600E+09
   2.3000000000000000E+08   4.9124797957450866E-02   5.1501653764436455E+09
   2.4000000000000000E+08   4.9304745281315995E-02   5.3533570827878323E+09
   2.5000000000000000E+08   4.9477366721552021E-02   5.5558235078276024E+09
   2.6000000000000000E+08   4.9643236806087870E-02   5.7575984697915545E+09
   2.7000000000000000E+08   4.9802863036615463E-02   5.9587129585659418E+09
   2.8000000000000000E+08   4.9956697007955082E-02   6.1591954742203999E+09
   2.9000000000000000E+08   5.0105147590032616E-02   6.3590723014079742E+09
   3.0000000000000000E+08   5.0248576424587035E-02   6.5583677540739670E+09
   3.1000000000000000E+08   5.0387312437990231E-02   6.7571043900448685E+09
   3.2000000000000000E+08   5.0521653783402620E-02   6.9553031844317865E+09
   3.3000000000000000E+08   5.0651869195493894E-02   7.1529836895793200E+09
   3.4000000000000000E+08   5.0778205182715606E-02   7.3501641722954206E+09
   3.5000000000000000E+08   5.0900886826445307E-02   7.5468617304703846E+09
   3.6000000000000000E+08   5.1020119543216474E-02   7.7430924005118008E+09
   3.7000000000000000E+08   5.1136090871447354E-02   7.9388712542303457E+09
   3.8000000000000000E+08   5.1248974721149282E-02   8.1342124809635086E+09
   3.9000000000000000E+08   5.1358931970066898E-02   8.3291294577598257E+09
   4.0000000000000000E+08   5.1466110750744823E-02   8.5236348156018028E+09
   4.1000000000000000E+08   5.1570646835404702E-02   8.7177405022989902E+09
   4.2000000000000000E+08   5.1672668489003031E-02   8.9114578336987267E+09
   4.3000000000000000E+08   5.1772292444129335E-02   9.1047975417849445E+09
   4.4000000000000000E+08   5.1869630175211671E-02   9.2977698172453651E+09
   4.5000000000000000E+08   5.1964782725446287E-02   9.4903843487539806E+09
   4.6000000000000000E+08   5.2057849371938497E-02   9.6826503547729816E+09
   4.7000000000000000E+08   5.2148915518477071E-02   9.8745766207406406E+09
   4.8000000000000000E+08   5.2238069123125203E-02   1.0066171527493889E+10
   4.9000000000000000E+08   5.2325385351062292E-02   1.0257443076879066E+10
   5.0000000000000000E+08   5.2410942438935501E-02   1.0448398915869265E+10
   5.1000000000000000E+08   5.2494802936552010E-02   1.0639046365242771E+10
   5.2000000000000000E+08   5.2577041163795864E-02   1.0829392432004900E+10
   5.3000000000000000E+08   5.2657713694384864E-02   1.1019443825010424E+10
   5.4000000000000000E+08   5.2736881744924323E-02   1.1209206983182100E+10
   5.5000000000000000E+08   5.2814596649730539E-02   1.1398688088953457E+10
   5.6000000000000000E+08   5.2890912766608622E-02   1.1587893084371634E+10
   5.7000000000000000E+08   5.2965880325424403E-02   1.1776827676538073E+10
   5.8000000000000000E+08   5.3039548217029067E-02   1.1965497350666626E+10
   5.9000000000000000E+08   5.3111953622174843E-02   1.2153907396295286E+10
   6.0000000000000000E+08   5.3183147285593778E-02   1.2342062906766970E+10
   6.1000000000000000E+08   5.3253161625688696E-02   1.2529968790188986E+10
   6.2000000000000000E+08   5.3322041203963812E-02   1.2717629782831438E+10
   6.3000000000000000E+08   5.3389820170644468E-02   1.2905050448265484E+10
   6.4000000000000000E+08   5.3456533407814158E-02   1.3092235196525928E+10
   6.5000000000000000E+08   5.3522214301095966E-02   1.3279188287371704E+10
   6.6000000000000000E+08   5.3586892551073295E-02   1.3465913841160484E+10
   6.7000000000000000E+08   5.3650596652626101E-02   1.3652415849052959E+10
   6.8000000000000000E+08   5.3713359351016982E-02   1.3838698169294331E+10
   6.9000000000000000E+08   5.3775210569679224E-02   1.4024764526274916E+10
   7.0000000000000000E+08   5.3836164156509651E-02   1.4210618544659100E+10
   7.1000000000000000E+08   5.3896262042905568E-02   1.4396263729951593E+10
   7.2000000000000000E+08   5.3955514448519828E-02   1.4581703475935953E+10
   7.3000000000000000E+08   5.4013957339183967E-02   1.4766941076238781E+10
   7.4000000000000000E+08   5.4071598764265767E-02   1.4951979729034519E+10
   7.5000000000000000E+08   5.4128469472306318E-02   1.5136822547077168E+10
   7.6000000000000000E+08   5.4184589336214312E-02   1.5321472538399628E+10
   7.7000000000000000E+08   5.4239973711271601E-02   1.5505932633569979E+10
   7.8000000000000000E+08   5.4294646303081298E-02   1.5690205680016521E+10
   7.9000000000000000E+08   5.4348624900880903E-02   1.5874294438716579E+10
   8.0000000000000000E+08   5.4401922613990308E-02   1.6058201602963810E+10
   8.1000000000000000E+08   5.4454557358247321E-02   1.6241929798850864E+10
   8.2000000000000000E+08   5.4506540630552554E-02   1.6425481588629845E+10
   8.3000000000000000E+08   5.4557902042994585E-02   1.6608859451709507E+10
   8.4000000000000000E+08   5.4608653572926664E-02   1.6792065784544689E+10
   8.5000000000000000E+08   5.4658794405237174E-02   1.6975102952351940E+10
   8.6000000000000000E+08   5.4708355303321340E-02   1.7157973258110022E+10
   8.7000000000000000E+08   5.4757347689901571E-02   1.7340678922617786E+10
   8.8000000000000000E+08   5.4805773388424690E-02   1.7523222133419430E+10
   8.9000000000000000E+08   5.4853661165116599E-02   1.7705605016346790E+10
   9.0000000000000000E+08   5.4901008854043643E-02   1.7887829642584141E+10
   9.1000000000000000E+08   5.4947826390712703E-02   1.8069898060409065E+10
   9.2000000000000000E+08   5.4994140664597020E-02   1.8251812247365147E+10
   9.3000000000000000E+08   5.5039955654653638E-02   1.8433574120605480E+10
   9.4000000000000000E+08   5.5085271105452124E-02   1.8615185582165070E+10
   9.5000000000000000E+08   5.5130121337513507E-02   1.8796648469231705E+10
   9.6000000000000000E+08   5.5174496209704625E-02   1.8977964570783360E+10
   9.7000000000000000E+08   5.5218406633629633E-02   1.9159135666471661E+10
   9.8000000000000000E+08   5.5261876743151868E-02   1.9340163470573906E+10
   9.9000000000000000E+08   5.5304891381992162E-02   1.9521049675046936E+10
   1.0000000000000000E+09   5.5347483746753544E-02   1.9701795935034626E+10
   1.1000000000000000E+09   5.5751412623133378E-02   2.1502017632274609E+10
   1.2000000000000000E+09   5.6120182154713302E-02   2.3289800971059582E+10
   1.3000000000000000E+09   5.6459440930331672E-02   2.5066337530457462E+10
   1.4000000000000000E+09   5.6773556844427711E-02   2.6832620707903183E+10
   1.5000000000000000E+09   5.7065981489030228E-02   2.8589491146995579E+10
   1.6000000000000000E+09   5.7339575112784633E-02   3.0337667981590645E+10
   1.7000000000000000E+09   5.7596553333951757E-02   3.2077773573274384E+10
   1.8000000000000000E+09   5.7838838702774634E-02   3.3810352096524204E+10
   1.9000000000000000E+09   5.8068055656777896E-02   3.5535881740683609E+10
   2.0000000000000000E+09   5.8285501512998300E-02   3.7254786631757187E+10
   2.1000000000000000E+09   5.8492339515815082E-02   3.8967445691699272E+10
   2.2000000000000000E+09   5.8689556660960707E-02   4.0674198808219688E+10
   2.3000000000000000E+09   5.8878008312200636E-02   4.2375352641922424E+10
   2.4000000000000000E+09   5.9058440655082575E-02   4.4071185184603836E+10
   2.5000000000000000E+09   5.9231508387166468E-02   4.5761949528837883E+10
   2.6000000000000000E+09   5.9397789116837379E-02   4.7447877011779877E+10
   2.7000000000000000E+09   5.9557795292952763E-02   4.9129179851384621E+10
   2.8000000000000000E+09   5.9711983180405992E-02   5.0806053379693405E+10
   2.9000000000000000E+09   5.9860761065405388E-02   5.2478677947202301E+10
   3.0000000000000000E+09   6.0004495961121396E-02   5.4147220547016571E+10
   3.1000000000000000E+09   6.0143518301745934E-02   5.5811836221273972E+10
   3.2000000000000000E+09   6.0278127473479992E-02   5.7472669276785301E+10
   3.3000000000000000E+09   6.0408595104276541E-02   5.9129854337905403E+10
   3.4000000000000000E+09   6.0535168333170047E-02   6.0783517274857475E+10
   3.5000000000000000E+09   6.0658072984087735E-02   6.2433776014658554E+10
   3.6000000000000000E+09   6.0777515741453195E-02   6.4080741254328384E+10
   3.7000000000000000E+09   6.0893686320230130E-02   6.5724517093938934E+10
   3.8000000000000000E+09   6.1006759191322243E-02   6.7365201598767204E+10
   3.9000000000000000E+09   6.1116895278244918E-02   6.9002887299642746E+10
   4.0000000000000000E+09   6.1224243267689507E-02   7.0637661639330872E+10
   4.1000000000000000E+09   6.1328940908674481E-02   7.2269607372207611E+10
   4.2000000000000000E+09   6.1431115861744517E-02   7.3898802924988708E+10
   4.3000000000000000E+09   6.1530886910626303E-02   7.5525322721055115E+10
   4.4000000000000000E+09   6.1628364389101624E-02   7.7149237475131577E+10
   4.5000000000000000E+09   6.1723651671875046E-02   7.8770614455683487E+10
   4.6000000000000000E+09   6.1816844888519996E-02   8.0389517725285919E+10
   4.7000000000000000E+09   6.1908033968225487E-02   8.2006008365576523E+10
   4.8000000000000000E+09   6.1997303365116954E-02   8.3620144674134506E+10
   4.9000000000000000E+09   6.2084732546204280E-02   8.5231982341252090E+10
   5.0000000000000000E+09   6.2170395337174986E-02   8.6841574625001755E+10
   5.1000000000000000E+09   6.2254362067617475E-02   8.8448972503472397E+10
   5.2000000000000000E+09   6.2336698444495013E-02   9.0054224810686951E+10
   5.3000000000000000E+09   6.2417466625921160E-02   9.1657378370468674E+10
   5.4000000000000000E+09   6.2496725238266472E-02   9.3258478113696121E+10
   5.5000000000000000E+09   6.2574529709190266E-02   9.4857567188808105E+10
   5.6000000000000000E+09   6.2650932306981696E-02   9.6454687065463531E+10
   5.7000000000000000E+09   6.2725982813156417E-02   9.8049877627239227E+10
   5.8000000000000000E+09   6.2799728248673164E-02   9.9643177257551926E+10
   5.9000000000000000E+09   6.2872212952347489E-02   1.0123462292651381E+11
   6.0000000000000000E+09   6.2943479612726130E-02   1.0282425026228313E+11
   6.1000000000000000E+09   6.3013568450713028E-02   1.0441209361843002E+11
   6.2000000000000000E+09   6.3082517621738318E-02   1.0599818614538489E+11
   6.3000000000000000E+09   6.3150363699442977E-02   1.0758255984961349E+11
   6.4000000000000000E+09   6.3217141551813863E-02   1.0916524564729913E+11
   6.5000000000000000E+09   6.3282883950512306E-02   1.1074627342357027E+11
   6.6000000000000000E+09   6.3347622841899570E-02   1.1232567207986443E+11
   6.7000000000000000E+09   6.3411388107375552E-02   1.1390346958011906E+11
   6.8000000000000000E+09   6.3474208919920158E-02   1.1547969299483339E+11
   6.9000000000000000E+09   6.3536112619084886E-02   1.1705436854156528E+11
   7.0000000000000000E+09   6.3597125735049595E-02   1.1862752162609959E+11
   7.1000000000000000E+09   6.3657273539695872E-02   1.2019917687590604E+11
   7.2000000000000000E+09   6.3716579999122933E-02   1.2176935817922566E+11
   7.3000000000000000E+09   6.3775068560364245E-02   1.2333808871454027E+11
   7.4000000000000000E+09   6.3832761465335619E-02   1.2490539097836375E+11
   7.5000000000000000E+09   6.3889679907619679E-02   1.2647128681913695E+11
   7.6000000000000000E+09   6.3945844627123535E-02   1.2803579746149431E+11
   7.7000000000000000E+09   6.4001275232588140E-02   1.2959894353119127E+11
   7.8000000000000000E+09   6.4055990503785631E-02   1.3116074508428700E+11
   7.9000000000000000E+09   6.4110008841559846E-02   1.3272122162681195E+11
   8.0000000000000000E+09   6.4163347704691717E-02   1.3428039213553293E+11
   8.1000000000000000E+09   6.4216024168829516E-02   1.3583827507851337E+11
   8.2000000000000000E+09   6.4268054263077024E-02   1.3739488843666957E+11
   8.3000000000000000E+09   6.4319453618664729E-02   1.3895024972526068E+11
   8.4000000000000000E+09   6.4370237622668289E-02   1.4050437600543427E+11
   8.5000000000000000E+09   6.4420420706948006E-02   1.4205728390232013E+11
   8.6000000000000000E+09   6.4470016690351337E-02   1.4360898962736517E+11
   8.7000000000000000E+09   6.4519039238942089E-02   1.4515950899078729E+11
   8.8000000000000000E+09   6.4567502030784998E-02   1.4670885740637033E+11
   8.9000000000000000E+09   6.4615416837594877E-02   1.4825704991716293E+11
   9.0000000000000000E+09   6.4662796420443827E-02   1.4980410120928015E+11
   9.1000000000000000E+09   6.4709652692232889E-02   1.5135002561286673E+11
   9.2000000000000000E+09   6.4755996530093812E-02   1.5289483712718564E+11
   9.3000000000000000E+09   6.4801839617849022E-02   1.5443854942578058E+11
   9.4000000000000000E+09   6.4847192404090523E-02   1.5598117586390042E+11
   9.5000000000000000E+09   6.4892065371844790E-02   1.5752272949503555E+11
   9.6000000000000000E+09   6.4936468338914116E-02   1.5906322308052170E+11
   9.7000000000000000E+09   6.4980411209379210E-02   1.6060266909844037E+11
   9.8000000000000000E+09   6.5023903437781694E-02   1.6214107974986234E+11
   9.9000000000000000E+09   6.5066954198128163E-02   1.6367846696935837E+11
   1.0000000000000000E+10   6.5109572134414609E-02   1.6521484243635596E+11
   1.1000000000000000E+10   6.5513732951331047E-02   1.8052619247231509E+11
   1.2000000000000000E+10   6.5882704776135920E-02   1.9574742529530176E+11
   1.3000000000000000E+10   6.6222127845650597E-02   2.1088701681118893E+11
   1.4000000000000000E+10   6.6536385364960385E-02   2.2595204848686115E+11
   1.5000000000000000E+10   6.6828953523426188E-02   2.4094852089610629E+11
   1.6000000000000000E+10   6.7102633168899806E-02   2.5588158038289435E+11
   1.7000000000000000E+10   6.7359716612013745E-02   2.7075568688397827E+11
   1.8000000000000000E+10   6.7602102001297737E-02   2.8557474068364453E+11
   1.9000000000000000E+10   6.7831378982738430E-02   3.0034218014829999E+11
   2.0000000000000000E+10   6.8048893815514488E-02   3.1506105790618573E+11
   2.1000000000000000E+10   6.8255794065334802E-02   3.2973410135975787E+11
   2.2000000000000000E+10   6.8453067740517848E-02   3.4436376134086926E+11
   2.3000000000000000E+10   6.8641571159661199E-02   3.5895225143233673E+11
   2.4000000000000000E+10   6.8822050259172457E-02   3.7350158038856921E+11
   2.5000000000000000E+10   6.8995161773832747E-02   3.8801357875257214E+11
   2.6000000000000000E+10   6.9161482587249967E-02   4.0248992122452271E+11
   2.7000000000000000E+10   6.9321525964013461E-02   4.1693214552455475E+11
   2.8000000000000000E+10   6.9475748340362631E-02   4.3134166818459528E+11
   2.9000000000000000E+10   6.9624558911306644E-02   4.4571979810030310E+11
   3.0000000000000000E+10   6.9768323306332439E-02   4.6006774826529779E+11
   3.1000000000000000E+10   6.9907373938567524E-02   4.7438664569406708E+11
   3.2000000000000000E+10   7.0042009347996648E-02   4.8867754004482861E+11
   3.3000000000000000E+10   7.0172501992696049E-02   5.0294141126008466E+11
   3.4000000000000000E+10   7.0299098240754504E-02   5.1717917619679486E+11
   3.5000000000000000E+10   7.0422024110847845E-02   5.3139169449349188E+11
   3.6000000000000000E+10   7.0541487782123061E-02   5.4557977344801031E+11
   3.7000000000000000E+10   7.0657678387647249E-02   5.5974417263344202E+11
   3.8000000000000000E+10   7.0770769971233979E-02   5.7388560812291357E+11
   3.9000000000000000E+10   7.0880923276326627E-02   5.8800475603833997E+11
   4.0000000000000000E+10   7.0988287663906566E-02   6.0210225564512988E+11
   4.1000000000000000E+10   7.1093001897974989E-02   6.1617871210545947E+11
   4.2000000000000000E+10   7.1195191340605257E-02   6.3023469936668225E+11
   4.3000000000000000E+10   7.1294977629496992E-02   6.4427076231267139E+11
   4.4000000000000000E+10   7.1392468751775739E-02   6.5828741888886340E+11
   4.5000000000000000E+10   7.1487768304104415E-02   6.7228516225043799E+11
   4.6000000000000000E+10   7.1580974431176128E-02   6.8626446206540820E+11
   4.7000000000000000E+10   7.1672176294857115E-02   7.0022576623572400E+11
   4.8000000000000000E+10   7.1761456844555899E-02   7.1416950266014624E+11
   4.9000000000000000E+10   7.1848896570998744E-02   7.2809608033280981E+11
   5.0000000000000000E+10   7.1934570648746421E-02   7.4200589033224231E+11
   5.1000000000000000E+10   7.2018546906977857E-02   7.5589930726251501E+11
   5.2000000000000000E+10   7.2100893156111387E-02   7.6977669016147400E+11
   5.3000000000000000E+10   7.2181671584659407E-02   7.8363838322526221E+11
   5.4000000000000000E+10   7.2260938549530265E-02   7.9748471707686816E+11
   5.5000000000000000E+10   7.2338751582056160E-02   8.1131600936623621E+11
   5.6000000000000000E+10   7.2415162346981116E-02   8.2513256536117139E+11
   5.7000000000000000E+10   7.2490222164992402E-02   8.3893467867371106E+11
   5.8000000000000000E+10   7.2563974696405853E-02   8.5272263214430322E+11
   5.9000000000000000E+10   7.2636467232236282E-02   8.6649669833826733E+11
   6.0000000000000000E+10   7.2707740567910878E-02   8.8025713992179260E+11
   6.1000000000000000E+10   7.2777837327368256E-02   8.9400421020339905E+11
   6.2000000000000000E+10   7.2846792869923752E-02   9.0773815373839490E+11
   6.3000000000000000E+10   7.2914645920878096E-02   9.2145920678223242E+11
   6.4000000000000000E+10   7.2981430315018775E-02   9.3516759751264722E+11
   6.5000000000000000E+10   7.3047178689797002E-02   9.4886354667677185E+11
   6.6000000000000000E+10   7.3111922811480545E-02   9.6254726785391479E+11
   6.7000000000000000E+10   7.3175695097692756E-02   9.7621896754161609E+11
   6.8000000000000000E+10   7.3238521050749392E-02   9.8987884580249109E+11
   6.9000000000000000E+10   7.3300430486321330E-02   1.0035270965644661E+12
   7.0000000000000000E+10   7.3361448874785018E-02   1.0171639076765593E+12
   7.1000000000000000E+10   7.3421601584775495E-02   1.0307894613738134E+12
   7.2000000000000000E+10   7.3480913140030371E-02   1.0444039344124208E+12
   7.3000000000000000E+10   7.3539406991221981E-02   1.0580074982925936E+12
   7.4000000000000000E+10   7.3597103723478732E-02   1.0716003196651959E+12
   7.5000000000000000E+10   7.3654027708334097E-02   1.0851825602866245E+12
   7.6000000000000000E+10   7.3710198028275109E-02   1.0987543771952322E+12
   7.7000000000000000E+10   7.3765631305431775E-02   1.1123159234608689E+12
   7.8000000000000000E+10   7.3820351556493816E-02   1.1258673477638794E+12
   7.9000000000000000E+10   7.3874373752380457E-02   1.1394087945785288E+12
   8.0000000000000000E+10   7.3927717706559232E-02   1.1529404045901135E+12
   8.1000000000000000E+10   7.3980398186541452E-02   1.1664623147411433E+12
   8.2000000000000000E+10   7.4032431855782579E-02   1.1799746585467488E+12
   8.3000000000000000E+10   7.4083834951521974E-02   1.1934775659855601E+12
   8.4000000000000000E+10   7.4134623128439978E-02   1.2069711636166289E+12
   8.5000000000000000E+10   7.4184808675417740E-02   1.2204555749621467E+12
   8.6000000000000000E+10   7.4234410235501661E-02   1.2339309202580845E+12
   8.7000000000000000E+10   7.4283435415932075E-02   1.2473973168998792E+12
   8.8000000000000000E+10   7.4331900872944667E-02   1.2608548796430161E+12
   8.9000000000000000E+10   7.4379821747423816E-02   1.2743037199391033E+12
   9.0000000000000000E+10   7.4427203502899469E-02   1.2877439469674067E+12
   9.1000000000000000E+10   7.4474062726349086E-02   1.3011756675210315E+12
   9.2000000000000000E+10   7.4520409338780777E-02   1.3145989856200122E+12
   9.3000000000000000E+10   7.4566256750937865E-02   1.3280140028150164E+12
   9.4000000000000000E+10   7.4611610763373193E-02   1.3414208185725366E+12
   9.5000000000000000E+10   7.4656486284766940E-02   1.3548195301546926E+12
   9.6000000000000000E+10   7.4700892635453070E-02   1.3682102323165325E+12
   9.7000000000000000E+10   7.4744839091040544E-02   1.3815930178256318E+12
   9.8000000000000000E+10   7.4788333186224576E-02   1.3949679776338643E+12
   9.9000000000000000E+10   7.4831386446169545E-02   1.4083352006878538E+12
   1.0000000000000000E+11   7.4874006754183861E-02   1.4216947739092764E+12
   1.1000000000000000E+11   7.5278190082165686E-02   1.5548939234442407E+12
