#Energy(eV) Valence Total
   1.0000000000000000E+00   1.0000000000000000E+30   2.3810907259080926E+29
   2.0000000000000000E+00   4.8141981226511615E+02   4.8141981226511615E+02
   3.0000000000000000E+00   2.3240241241530978E+02   2.3240241241530978E+02
   4.0000000000000000E+00   1.6562993852459897E+02   1.6562993852459897E+02
   5.0000000000000000E+00   1.3353962510316146E+02   1.3353962510316146E+02
   6.0000000000000000E+00   1.1408711828948816E+02   1.1408711828948816E+02
   7.0000000000000000E+00   1.0072057118105070E+02   1.0072057118105070E+02
   8.0000000000000000E+00   9.0814858369840479E+01   9.0814858369840479E+01
   8.1490000000000009E+00   8.9319353351891209E+01   8.9319353351891209E+01
   8.1509999999999998E+00   8.9328546768678507E+01   8.9328546768678507E+01
   9.0000000000000000E+00   8.3077158132276637E+01   8.3077158132276637E+01
   1.0000000000000000E+01   7.6789446365054701E+01   7.6789446365054701E+01
   1.1000000000000000E+01   7.1523261021816651E+01   7.1523261021816651E+01
   1.2000000000000000E+01   6.5958682086620740E+01   6.5958682086620740E+01
   1.3000000000000000E+01   6.2139618379406976E+01   6.2139618379406976E+01
   1.3459000000000000E+01   6.1172623935480310E+01   6.1172623935480310E+01
   1.3460999999999999E+01   6.1176022670495122E+01   6.1176022670495122E+01
   1.4000000000000000E+01   5.8735409549979920E+01   5.8735409549979920E+01
   1.5000000000000000E+01   5.5663295329630060E+01   5.5663295329630060E+01
   1.6000000000000000E+01   5.2860424258137570E+01   5.2860424258137570E+01
   1.7000000000000000E+01   5.0279670238607750E+01   5.0279670238607750E+01
   1.8000000000000000E+01   4.7883351846480750E+01   4.7883351846480750E+01
   1.9000000000000000E+01   4.5641936737598606E+01   4.5641936737598606E+01
   2.0000000000000000E+01   4.3530899240633829E+01   4.3530899240633829E+01
   2.1000000000000000E+01   4.1530602792376683E+01   4.1530602792376683E+01
   2.2000000000000000E+01   3.9256066777504330E+01   3.9256066777504330E+01
   2.3000000000000000E+01   3.7455558139354345E+01   3.7455558139354345E+01
   2.4000000000000000E+01   3.5720914715639090E+01   3.5720914715639090E+01
   2.5000000000000000E+01   3.4042562506505952E+01   3.4042562506505952E+01
   2.6000000000000000E+01   3.2411952666402911E+01   3.2411952666402911E+01
   2.7000000000000000E+01   3.0821607748421499E+01   3.0821607748421499E+01
   2.8000000000000000E+01   2.9265054626452052E+01   2.9265054626452052E+01
   2.9000000000000000E+01   2.7736093083209507E+01   2.7736093083209507E+01
   3.0000000000000000E+01   2.6229528343323103E+01   2.6229528343323103E+01
   3.1000000000000000E+01   2.4740595690825824E+01   2.4740595690825824E+01
   3.2000000000000000E+01   2.3265308708067590E+01   2.3265308708067590E+01
   3.3000000000000000E+01   2.1588256819775786E+01   2.1588256819775786E+01
   3.4000000000000000E+01   2.0138871979521429E+01   2.0138871979521429E+01
   3.5000000000000000E+01   1.8698790074752520E+01   1.8698790074752520E+01
   3.6000000000000000E+01   1.7272528481158670E+01   1.7272528481158670E+01
   3.7000000000000000E+01   1.5870298751532614E+01   1.5870298751532614E+01
   3.8000000000000000E+01   1.4510053390467030E+01   1.4510053390467030E+01
   3.9000000000000000E+01   1.3217841840545594E+01   1.3217841840545594E+01
   4.0000000000000000E+01   1.2024344694465194E+01   1.2024344694465194E+01
   4.1000000000000000E+01   1.0955514125551922E+01   1.0955514125551922E+01
   4.2000000000000000E+01   9.9748884003184681E+00   9.9748884003184681E+00
   4.3000000000000000E+01   9.1932218557276126E+00   9.1932218557276126E+00
   4.4000000000000000E+01   8.5987172965084948E+00   8.5987172965084948E+00
   4.5000000000000000E+01   7.9677212679325020E+00   7.9677212679325020E+00
   4.6000000000000000E+01   7.5045996229425453E+00   7.5045996229425453E+00
   4.7000000000000000E+01   7.1783858871918298E+00   7.1783858871918298E+00
   4.8000000000000000E+01   6.8873911494553175E+00   6.8873911494553175E+00
   4.9000000000000000E+01   6.5577559209413074E+00   6.5577559209413074E+00
   5.0000000000000000E+01   6.3310966078741755E+00   6.3310966078741755E+00
   5.1000000000000000E+01   6.1882227653994111E+00   6.1882227653994111E+00
   5.2000000000000000E+01   6.0024372669707908E+00   6.0024372669707908E+00
   5.3000000000000000E+01   5.8358568166868103E+00   5.8358568166868103E+00
   5.4000000000000000E+01   5.7348574985455256E+00   5.7348574985455256E+00
   5.5000000000000000E+01   5.6430811587072078E+00   5.6430811587072078E+00
   5.6000000000000000E+01   5.5595887607696328E+00   5.5595887607696328E+00
   5.7000000000000000E+01   5.4419879996390117E+00   5.4419879996390117E+00
   5.8000000000000000E+01   5.3747292818674541E+00   5.3747292818674541E+00
   5.9000000000000000E+01   5.3511695735689191E+00   5.3511695735689191E+00
   6.0000000000000000E+01   5.2936204246325618E+00   5.2936204246325618E+00
   6.1000000000000000E+01   5.2411713223697731E+00   5.2411713223697731E+00
   6.2000000000000000E+01   5.1933913523578283E+00   5.1933913523578283E+00
   6.3000000000000000E+01   5.1499008633730847E+00   5.1499008633730847E+00
   6.4000000000000000E+01   5.1409187411418538E+00   5.1409187411418538E+00
   6.5000000000000000E+01   5.1037065755313931E+00   5.1037065755313931E+00
   6.6000000000000000E+01   5.0985153437267376E+00   5.0985153437267376E+00
   6.7000000000000000E+01   5.0667427211883282E+00   5.0667427211883282E+00
   6.8000000000000000E+01   5.0647729628499798E+00   5.0647729628499798E+00
   6.9000000000000000E+01   5.0377567444697595E+00   5.0377567444697595E+00
   7.0000000000000000E+01   5.0385548228567592E+00   5.0385548228567592E+00
   7.1000000000000000E+01   5.0403268960493159E+00   5.0403268960493159E+00
   7.2000000000000000E+01   5.0189232753375741E+00   5.0189232753375741E+00
   7.3000000000000000E+01   5.0229527163983310E+00   5.0229527163983310E+00
   7.4000000000000000E+01   5.0277678653592712E+00   5.0277678653592712E+00
   7.5000000000000000E+01   5.0333233992753739E+00   5.0333233992753739E+00
   7.6000000000000000E+01   5.0395696650218484E+00   5.0395696650218484E+00
   7.7000000000000000E+01   5.0251248530393475E+00   5.0251248530393475E+00
   7.8000000000000000E+01   5.0330609986534798E+00   5.0330609986534798E+00
   7.9000000000000000E+01   5.0415759070747219E+00   5.0415759070747219E+00
   8.0000000000000000E+01   5.0506318104422023E+00   5.0506318104422023E+00
   8.1000000000000000E+01   5.0602072697454883E+00   5.0602072697454883E+00
   8.2000000000000000E+01   5.0702729090453431E+00   5.0702729090453431E+00
   8.3000000000000000E+01   5.0808057364221924E+00   5.0808057364221924E+00
   8.4000000000000000E+01   5.0917838174643544E+00   5.0917838174643544E+00
   8.5000000000000000E+01   5.1031838333691137E+00   5.1031838333691137E+00
   8.6000000000000000E+01   5.1149901124221433E+00   5.1149901124221433E+00
   8.7000000000000000E+01   5.1271819202363575E+00   5.1271819202363575E+00
   8.8000000000000000E+01   5.1397466413576067E+00   5.1397466413576067E+00
   8.9000000000000000E+01   5.1526623089140164E+00   5.1526623089140164E+00
   9.0000000000000000E+01   5.1659395104332502E+00   5.1659395104332502E+00
   9.1000000000000000E+01   5.1960288568603108E+00   5.1960288568603108E+00
   9.2000000000000000E+01   5.2097655304218780E+00   5.2097655304218780E+00
   9.3000000000000000E+01   5.2238839005347755E+00   5.2238839005347755E+00
   9.4000000000000000E+01   5.2383689950441266E+00   5.2383689950441266E+00
   9.5000000000000000E+01   5.2531990482865876E+00   5.2531990482865876E+00
   9.6000000000000000E+01   5.2683590481190787E+00   5.2683590481190787E+00
   9.7000000000000000E+01   5.2986465985704303E+00   5.2986465985704303E+00
   9.8000000000000000E+01   5.3141301420033233E+00   5.3141301420033233E+00
   9.9000000000000000E+01   5.3299092162120418E+00   5.3299092162120418E+00
   1.0000000000000000E+02   5.3459701197958678E+00   5.3459701197958678E+00
   1.0399900000000000E+02   5.4259944523759192E+00   5.4259944523759192E+00
   1.0400100000000000E+02   5.4260546595901848E+00   5.4260546595901564E+00
   1.1000000000000000E+02   5.5560396720622709E+00   5.5557499763232574E+00
   1.2000000000000000E+02   5.7860441338169704E+00   5.7845643502786217E+00
   1.3000000000000000E+02   6.0302469185953074E+00   6.0268690765973689E+00
   1.4000000000000000E+02   6.2753534962079103E+00   6.2693486551041326E+00
   1.5000000000000000E+02   6.5208177405561729E+00   6.5114816658851495E+00
   1.5399900000000000E+02   6.6279248177002259E+00   6.6168961477219677E+00
   1.5400100000000000E+02   6.6279828782425412E+00   6.6169536950831391E+00
   1.6000000000000000E+02   6.7748789214667413E+00   6.7613918473251911E+00
   1.7000000000000000E+02   7.0277985310257511E+00   7.0087404581632935E+00
   1.8000000000000000E+02   7.2818695592104676E+00   7.2562414742113557E+00
   1.9000000000000000E+02   7.5342113467597329E+00   7.5003971178964717E+00
   2.0000000000000000E+02   7.7864814806694929E+00   7.7431245813500222E+00
   2.1000000000000000E+02   8.0384289861765001E+00   7.9823053964619399E+00
   2.2000000000000000E+02   8.2898743975493989E+00   8.2203542029148586E+00
   2.3000000000000000E+02   8.5406893776991026E+00   8.4553641315039911E+00
   2.4000000000000000E+02   8.7907826558475826E+00   8.6858250178077423E+00
   2.5000000000000000E+02   9.0400901460835588E+00   8.9129647017526494E+00
   2.6000000000000000E+02   9.2885678919236643E+00   9.1350784118003965E+00
   2.7000000000000000E+02   9.5361869571060893E+00   9.3551884349962329E+00
   2.8000000000000000E+02   9.7829296796244520E+00   9.5716872524634553E+00
   2.9000000000000000E+02   1.0028786894905650E+01   9.7865846978637716E+00
   3.0000000000000000E+02   1.0273755857494875E+01   1.0001171765237778E+01
   3.1000000000000000E+02   1.0517838672202297E+01   1.0213225201709804E+01
   3.2000000000000000E+02   1.0761041101083139E+01   1.0424687095620271E+01
   3.3000000000000000E+02   1.1003371650363507E+01   1.0631416212588675E+01
   3.4000000000000000E+02   1.1244840867794871E+01   1.0840111426243146E+01
   3.5000000000000000E+02   1.1485460799559885E+01   1.1048387651878038E+01
   3.6000000000000000E+02   1.1725244568918542E+01   1.1254739053105693E+01
   3.7000000000000000E+02   1.1964206048503979E+01   1.1461921503870501E+01
   3.8000000000000000E+02   1.2202359604984856E+01   1.1666942609194821E+01
   3.9000000000000000E+02   1.2439719900080899E+01   1.1872184907437219E+01
   4.0000000000000000E+02   1.2676301735502225E+01   1.2075331128006802E+01
   4.1000000000000000E+02   1.2912119932449267E+01   1.2278834531379143E+01
   4.2000000000000000E+02   1.3147189238265300E+01   1.2480307827093164E+01
   4.3000000000000000E+02   1.3381524254586100E+01   1.2682248500876105E+01
   4.4000000000000000E+02   1.3615139382492735E+01   1.2883476856196733E+01
   4.5000000000000000E+02   1.3848048781154690E+01   1.3082146544301608E+01
   4.6000000000000000E+02   1.4080266337227377E+01   1.3284207977308368E+01
   4.7000000000000000E+02   1.4311805642742723E+01   1.3481773785791013E+01
   4.8000000000000000E+02   1.4542679979845721E+01   1.3681633709911360E+01
   4.9000000000000000E+02   1.4772902310875883E+01   1.3877645557183351E+01
   5.0000000000000000E+02   1.5002485272748421E+01   1.4075979869958603E+01
   5.1000000000000000E+02   1.5231441174715954E+01   1.4274492139732926E+01
   5.2000000000000000E+02   1.5459781998806527E+01   1.4470193719192944E+01
   5.3000000000000000E+02   1.5687519402344805E+01   1.4669220223549312E+01
   5.4000000000000000E+02   1.5914664722089773E+01   1.4861858033789042E+01
   5.5000000000000000E+02   1.6141228979621456E+01   1.5059664328794389E+01
   5.6000000000000000E+02   1.6367222887690133E+01   1.5254054745959474E+01
   5.7000000000000000E+02   1.6592656857229535E+01   1.5449432572092130E+01
   5.8000000000000000E+02   1.6817541004901823E+01   1.5645455786573933E+01
   5.9000000000000000E+02   1.7041885160955545E+01   1.5836294817907005E+01
   6.0000000000000000E+02   1.7265698877337400E+01   1.6029891735894349E+01
   6.1000000000000000E+02   1.7488991435873302E+01   1.6224233745193956E+01
   6.2000000000000000E+02   1.7711771856509174E+01   1.6418059934536515E+01
   6.3000000000000000E+02   1.7934048905508178E+01   1.6608436102264868E+01
   6.4000000000000000E+02   1.8155831103546610E+01   1.6799888177840327E+01
   6.5000000000000000E+02   1.8377126733723184E+01   1.6992192900020875E+01
   6.6000000000000000E+02   1.8597943849381579E+01   1.7184019293512193E+01
   6.7000000000000000E+02   1.8818290281759403E+01   1.7375376017507470E+01
   6.8000000000000000E+02   1.9038173647445166E+01   1.7566271395659214E+01
   6.9000000000000000E+02   1.9257601355638908E+01   1.7756713991344178E+01
   7.0000000000000000E+02   1.9476580615176189E+01   1.7946712550084975E+01
   7.1000000000000000E+02   1.9695118441352477E+01   1.8136274844880386E+01
   7.2000000000000000E+02   1.9913221662498984E+01   1.8325409474758022E+01
   7.3000000000000000E+02   2.0130896926370706E+01   1.8515671890492165E+01
   7.4000000000000000E+02   2.0348150706286152E+01   1.8703960626506060E+01
   7.5000000000000000E+02   2.0564989307056038E+01   1.8891845807472905E+01
   7.6000000000000000E+02   2.0781418870705096E+01   1.9079334008063487E+01
   7.7000000000000000E+02   2.0997445381965349E+01   1.9267902497131203E+01
   7.8000000000000000E+02   2.1213074673592743E+01   1.9454622287663558E+01
   7.9000000000000000E+02   2.1428312431471660E+01   1.9645425901682508E+01
   8.0000000000000000E+02   2.1643164199507506E+01   1.9831378503345658E+01
   8.1000000000000000E+02   2.1857635384363260E+01   2.0016968524099191E+01
   8.2000000000000000E+02   2.2071731260013841E+01   2.0202202182818048E+01
   8.3000000000000000E+02   2.2285456972086614E+01   2.0388548587688302E+01
   8.4000000000000000E+02   2.2498817542105261E+01   2.0574572173761744E+01
   8.5000000000000000E+02   2.2711817871480708E+01   2.0761702256131450E+01
   8.6000000000000000E+02   2.2924462745444437E+01   2.0945547175677401E+01
   8.7000000000000000E+02   2.3136756836760998E+01   2.1130495757855950E+01
   8.8000000000000000E+02   2.3348704709325283E+01   2.1315187443697688E+01
   8.9000000000000000E+02   2.3560310821617907E+01   2.1500976974550980E+01
   9.0000000000000000E+02   2.3771579530036451E+01   2.1684930593744749E+01
   9.1000000000000000E+02   2.3982515092091344E+01   2.1867155838475874E+01
   9.2000000000000000E+02   2.4193121669473253E+01   2.2053501874767331E+01
   9.3000000000000000E+02   2.4403403331032003E+01   2.2236502618483268E+01
   9.4000000000000000E+02   2.4613364055603753E+01   2.2417809537804260E+01
   9.5000000000000000E+02   2.4823007734772958E+01   2.2603241223626284E+01
   9.6000000000000000E+02   2.5032338175498776E+01   2.2785330674818542E+01
   9.7000000000000000E+02   2.5241359102664340E+01   2.2965759211418806E+01
   9.8000000000000000E+02   2.5450074161519368E+01   2.3151673322746856E+01
   9.9000000000000000E+02   2.5658486920044041E+01   2.3331522833782039E+01
   1.0000000000000000E+03   2.5866600871209695E+01   2.3512628810910552E+01
   1.1000000000000000E+03   2.7932024960971294E+01   2.5317978587195807E+01
   1.2000000000000000E+03   2.9970928786571047E+01   2.7101228452065275E+01
   1.3000000000000000E+03   3.1985847834208158E+01   2.8864064016873400E+01
   1.4000000000000000E+03   3.3978901918848663E+01   3.0609980485372997E+01
   1.5000000000000000E+03   3.5951885931224538E+01   3.2337551575852430E+01
   1.6000000000000000E+03   3.7906336625741595E+01   3.4049162287798829E+01
   1.7000000000000000E+03   3.9843582700365559E+01   3.5748442887676788E+01
   1.8000000000000000E+03   4.1764782989293856E+01   3.7433456242233724E+01
   1.8439990000000000E+03   4.2605275634656920E+01   3.8171063213897142E+01
   1.8440010000000000E+03   4.2605313774865408E+01   3.8171096680510423E+01
   1.9000000000000000E+03   4.3670956039087308E+01   3.9106130246314379E+01
   2.0000000000000000E+03   4.5563003331002875E+01   4.0766196166821331E+01
   2.1000000000000000E+03   4.7441727744192249E+01   4.2414393937551424E+01
   2.2000000000000000E+03   4.9307848402759561E+01   4.4051351027961950E+01
   2.3000000000000000E+03   5.1162012738998598E+01   4.5677617226126230E+01
   2.4000000000000000E+03   5.3004806387680446E+01   4.7293691492951687E+01
   2.5000000000000000E+03   5.4836761371991379E+01   4.8900028654365997E+01
   2.6000000000000000E+03   5.6658362930110869E+01   5.0497044813741965E+01
   2.7000000000000000E+03   5.8470055249780962E+01   5.2085233363465285E+01
   2.8000000000000000E+03   6.0272246318615252E+01   5.3664737749400139E+01
   2.9000000000000000E+03   6.2065312052349597E+01   5.5235981801206215E+01
   3.0000000000000000E+03   6.3849599828382196E+01   5.6799267571989105E+01
   3.1000000000000000E+03   6.5625431527905420E+01   5.8354876544172406E+01
   3.2000000000000000E+03   6.7393106167157811E+01   5.9903071852585668E+01
   3.3000000000000000E+03   6.9152902184858164E+01   6.1444314836739338E+01
   3.4000000000000000E+03   7.0905079439206986E+01   6.2978426053588315E+01
   3.5000000000000000E+03   7.2649880959092428E+01   6.4505821619067703E+01
   3.6000000000000000E+03   7.4387534484613909E+01   6.6026708582501712E+01
   3.7000000000000000E+03   7.6118253829646932E+01   6.7541283039260307E+01
   3.8000000000000000E+03   7.7842240088215391E+01   6.9049730933727488E+01
   3.9000000000000000E+03   7.9559682708857409E+01   7.0552228666073006E+01
   4.0000000000000000E+03   8.1270760452278083E+01   7.2049276123250422E+01
   4.1000000000000000E+03   8.2975642249007535E+01   7.3540378495357913E+01
   4.2000000000000000E+03   8.4674487969081753E+01   7.5026006198841273E+01
   4.3000000000000000E+03   8.6367449114763076E+01   7.6506302201331991E+01
   4.4000000000000000E+03   8.8054669445092046E+01   7.7981402204168816E+01
   4.5000000000000000E+03   8.9736285540863378E+01   7.9451435026911540E+01
   4.6000000000000000E+03   9.1412427317120489E+01   8.0916523022615877E+01
   4.7000000000000000E+03   9.3083218488714081E+01   8.2377171432451064E+01
   4.8000000000000000E+03   9.4748776993614712E+01   8.3832687371530469E+01
   4.9000000000000000E+03   9.6409215379606891E+01   8.5283556321854292E+01
   5.0000000000000000E+03   9.8064641157599070E+01   8.6730329244297877E+01
   5.1000000000000000E+03   9.9715157126057477E+01   8.8172213116352296E+01
   5.2000000000000000E+03   1.0136086166555592E+02   8.9609734995931532E+01
   5.3000000000000000E+03   1.0300184901510097E+02   9.1043477066674839E+01
   5.4000000000000000E+03   1.0463820951951976E+02   9.2472546034754686E+01
   5.5000000000000000E+03   1.0627002986407415E+02   9.3898024032316215E+01
   5.6000000000000000E+03   1.0789739328626268E+02   9.5319491751316860E+01
   5.7000000000000000E+03   1.0952037977436500E+02   9.6736477240151331E+01
   5.8000000000000000E+03   1.1113906625032760E+02   9.8150127078529366E+01
   5.9000000000000000E+03   1.1275352674049171E+02   9.9559976116910519E+01
   6.0000000000000000E+03   1.1436383253175197E+02   1.0096551573573097E+02
   6.1000000000000000E+03   1.1597005231857165E+02   1.0236794488613873E+02
   6.2000000000000000E+03   1.1757225234052714E+02   1.0376676059219314E+02
   6.3000000000000000E+03   1.1917049650802508E+02   1.0516202082929279E+02
   6.4000000000000000E+03   1.2076484652189741E+02   1.0655378157816999E+02
   6.5000000000000000E+03   1.2235536198429969E+02   1.0794209694125246E+02
   6.6000000000000000E+03   1.2394210050132732E+02   1.0932701923608666E+02
   6.7000000000000000E+03   1.2552511778171304E+02   1.1070859911475208E+02
   6.8000000000000000E+03   1.2710446772690642E+02   1.1208625540950102E+02
   6.9000000000000000E+03   1.2868020251549351E+02   1.1346129039194113E+02
   7.0000000000000000E+03   1.3025237268552371E+02   1.1483312583484515E+02
   7.1000000000000000E+03   1.3182102720685828E+02   1.1620180630907289E+02
   7.2000000000000000E+03   1.3338621355496210E+02   1.1756802461907354E+02
   7.3000000000000000E+03   1.3494797777492229E+02   1.1893052736197411E+02
   7.4000000000000000E+03   1.3650636454707438E+02   1.2029000060376313E+02
   7.5000000000000000E+03   1.3806141724388434E+02   1.2164648388650487E+02
   7.6000000000000000E+03   1.3961317798599293E+02   1.2300001562106144E+02
   7.7000000000000000E+03   1.4116168769663562E+02   1.2435063315055501E+02
   7.8000000000000000E+03   1.4270698614959028E+02   1.2569837274774963E+02
   7.9000000000000000E+03   1.4424911201865740E+02   1.2704326969807678E+02
   8.0000000000000000E+03   1.4578810292070816E+02   1.2838535836953682E+02
   8.1000000000000000E+03   1.4732399545744107E+02   1.2972535081949641E+02
   8.2000000000000000E+03   1.4885682525665268E+02   1.3106192301405673E+02
   8.3000000000000000E+03   1.5038662701273643E+02   1.3239578425263142E+02
   8.4000000000000000E+03   1.5191343451524872E+02   1.3372696537479047E+02
   8.5000000000000000E+03   1.5343728069423963E+02   1.3505549652508938E+02
   8.6000000000000000E+03   1.5495819764127640E+02   1.3638209514664780E+02
   8.7000000000000000E+03   1.5647621664974224E+02   1.3770541296165345E+02
   8.8000000000000000E+03   1.5799136823868787E+02   1.3902616631454183E+02
   8.9000000000000000E+03   1.5950368218453335E+02   1.4034507708527406E+02
   9.0000000000000000E+03   1.6101318754592791E+02   1.4166078131817201E+02
   9.1000000000000000E+03   1.6251991268739619E+02   1.4297400057341059E+02
   9.2000000000000000E+03   1.6402388530842134E+02   1.4428476023651550E+02
   9.3000000000000000E+03   1.6552513246263013E+02   1.4559378251160504E+02
   9.4000000000000000E+03   1.6702368058308949E+02   1.4689969447472427E+02
   9.5000000000000000E+03   1.6851955550099106E+02   1.4820321916121969E+02
   9.6000000000000000E+03   1.7001278246607299E+02   1.4950507974016193E+02
   9.7000000000000000E+03   1.7150338616807718E+02   1.5080389597013610E+02
   9.8000000000000000E+03   1.7299139075073177E+02   1.5210039249031561E+02
   9.9000000000000000E+03   1.7447681983722111E+02   1.5339529215218991E+02
   1.0000000000000000E+04   1.7595969654039308E+02   1.5468721043708973E+02
   1.1000000000000000E+04   1.9065283450088128E+02   1.6748823035048287E+02
   1.2000000000000000E+04   2.0511293363789056E+02   1.8008228247817050E+02
   1.3000000000000000E+04   2.1935674823268133E+02   1.9248383807431759E+02
   1.4000000000000000E+04   2.3339833066845401E+02   2.0470630967978605E+02
   1.5000000000000000E+04   2.4724964473256026E+02   2.1675981308445077E+02
   1.6000000000000000E+04   2.6092100735537400E+02   2.2865367207035305E+02
   1.7000000000000000E+04   2.7442141461997687E+02   2.4039668109183046E+02
   1.8000000000000000E+04   2.8775878738376736E+02   2.5199530240766612E+02
   1.9000000000000000E+04   3.0094015978333942E+02   2.6345522376253587E+02
   2.0000000000000000E+04   3.1397182624521628E+02   2.7478324649283013E+02
   2.1000000000000000E+04   3.2685945772743787E+02   2.8598337094388398E+02
   2.2000000000000000E+04   3.3960819483937377E+02   2.9706079808038032E+02
   2.3000000000000000E+04   3.5222272330176605E+02   3.0801973552108672E+02
   2.4000000000000000E+04   3.6470733570683416E+02   3.1886403604979944E+02
   2.5000000000000000E+04   3.7706598255038892E+02   3.2959724370576686E+02
   2.6000000000000000E+04   3.8930231473300324E+02   3.4022263217673088E+02
   2.7000000000000000E+04   4.0141971929207256E+02   3.5074323707442363E+02
   2.8000000000000000E+04   4.1342134965182754E+02   3.6116188325598790E+02
   2.9000000000000000E+04   4.2531015128512382E+02   3.7148120801525505E+02
   3.0000000000000000E+04   4.3708888374598928E+02   3.8170368098751652E+02
   3.1000000000000000E+04   4.4876013978828092E+02   3.9183162140272310E+02
   3.2000000000000000E+04   4.6032636162580781E+02   4.0186721280038790E+02
   3.3000000000000000E+04   4.7178985543154010E+02   4.1181251610120069E+02
   3.4000000000000000E+04   4.8315280380938594E+02   4.2166948087934361E+02
   3.5000000000000000E+04   4.9441727663418146E+02   4.3143995517562024E+02
   3.6000000000000000E+04   5.0558524108817539E+02   4.4112569451389595E+02
   3.7000000000000000E+04   5.1665856989737142E+02   4.5072836938908119E+02
   3.8000000000000000E+04   5.2763904928378247E+02   4.6024957240179566E+02
   3.9000000000000000E+04   5.3852838553133006E+02   4.6969082422084443E+02
   4.0000000000000000E+04   5.4932821114953958E+02   4.7905357913668701E+02
   4.1000000000000000E+04   5.6004009050479112E+02   4.8833923012043829E+02
   4.2000000000000000E+04   5.7066552433055688E+02   4.9754911295237849E+02
   4.3000000000000000E+04   5.8120595477819836E+02   5.0668451069296657E+02
   4.4000000000000000E+04   5.9166276863595795E+02   5.1574665670008199E+02
   4.5000000000000000E+04   6.0203730172217934E+02   5.2473673848637418E+02
   4.6000000000000000E+04   6.1233084201992403E+02   5.3365590057158772E+02
   4.7000000000000000E+04   6.2254463203649379E+02   5.4250524670467473E+02
   4.8000000000000000E+04   6.3267987275167195E+02   5.5128584325551753E+02
   4.9000000000000000E+04   6.4273772499999188E+02   5.5999872062255633E+02
   5.0000000000000000E+04   6.5271931232619363E+02   5.6864487573214774E+02
   5.1000000000000000E+04   6.6262572309673658E+02   5.7722527394205042E+02
   5.2000000000000000E+04   6.7245801269873607E+02   5.8574085099148044E+02
   5.3000000000000000E+04   6.8221720469131765E+02   5.9419251413005077E+02
   5.4000000000000000E+04   6.9190429289675376E+02   6.0258114394259894E+02
   5.5000000000000000E+04   7.0152024302394489E+02   6.1090759580135284E+02
   5.6000000000000000E+04   7.1106599386953678E+02   6.1917270097990513E+02
   5.7000000000000000E+04   7.2054245864874235E+02   6.2737726785143639E+02
   5.8000000000000000E+04   7.2995052662639330E+02   6.3552208330219491E+02
   5.9000000000000000E+04   7.3929106377660116E+02   6.4360791339493051E+02
   6.0000000000000000E+04   7.4856491406192151E+02   6.5163550449018544E+02
   6.1000000000000000E+04   7.5777290013228014E+02   6.5960558392005987E+02
   6.2000000000000000E+04   7.6691582539921785E+02   6.6751886169259024E+02
   6.3000000000000000E+04   7.7599447304534692E+02   6.7537602986437423E+02
   6.4000000000000000E+04   7.8500960841942037E+02   6.8317776447464087E+02
   6.5000000000000000E+04   7.9396197899820015E+02   6.9092472562324235E+02
   6.6000000000000000E+04   8.0285231564200103E+02   6.9861755852634155E+02
   6.7000000000000000E+04   8.1168133324262305E+02   7.0625689410131861E+02
   6.8000000000000000E+04   8.2044972981925446E+02   7.1384334837655672E+02
   6.9000000000000000E+04   8.2915819021833113E+02   7.2137752537495612E+02
   7.0000000000000000E+04   8.3780738333407726E+02   7.2886001509238667E+02
   7.1000000000000000E+04   8.4639796503130231E+02   7.3629139578633271E+02
   7.2000000000000000E+04   8.5493057799826272E+02   7.4367223393628365E+02
   7.3000000000000000E+04   8.6340585118031981E+02   7.5100308388332576E+02
   7.4000000000000000E+04   8.7182440227406016E+02   7.5828448978035283E+02
   7.5000000000000000E+04   8.8018683541541566E+02   7.6551698390704860E+02
   7.6000000000000000E+04   8.8849374479462847E+02   7.7270108946042626E+02
   7.7000000000000000E+04   8.9674571241752562E+02   7.7983731891648256E+02
   7.8000000000000000E+04   9.0494330928019633E+02   7.8692617497139224E+02
   7.9000000000000000E+04   9.1308709752698530E+02   7.9396815222338682E+02
   8.0000000000000000E+04   9.2117762677763596E+02   8.0096373444121048E+02
   8.1000000000000000E+04   9.2921543908411888E+02   8.0791339835752035E+02
   8.2000000000000000E+04   9.3720106510353685E+02   8.1481761082080982E+02
   8.3000000000000000E+04   9.4513502749309976E+02   8.2167683139723499E+02
   8.4000000000000000E+04   9.5301783948826142E+02   8.2849151134005160E+02
   8.5000000000000000E+04   9.6085000599566320E+02   8.3526209445026075E+02
   8.6000000000000000E+04   9.6863202312060309E+02   8.4198901675395393E+02
   8.7000000000000000E+04   9.7636437926476697E+02   8.4867270736906210E+02
   8.8000000000000000E+04   9.8404755364072480E+02   8.5531358741026338E+02
   8.9000000000000000E+04   9.9168201972644385E+02   8.6191207263669617E+02
   9.0000000000000000E+04   9.9926824143972556E+02   8.6846857058601142E+02
   9.1000000000000000E+04   1.0068066760857024E+03   8.7498348283058226E+02
   9.2000000000000000E+04   1.0142977749573212E+03   8.8145720545971608E+02
   9.3000000000000000E+04   1.0217419809760165E+03   8.8789012732408651E+02
   9.4000000000000000E+04   1.0291397306782887E+03   8.9428263155823061E+02
   9.5000000000000000E+04   1.0364914546487792E+03   9.0063509593502522E+02
   9.6000000000000000E+04   1.0437975758657767E+03   9.0694789163793678E+02
   9.7000000000000000E+04   1.0510585125225707E+03   9.1322138541216464E+02
   9.8000000000000000E+04   1.0582746744938204E+03   9.1945593692299337E+02
   9.9000000000000000E+04   1.0654464690011971E+03   9.2565190304689122E+02
   1.0000000000000000E+05   1.0725742935537423E+03   9.3180963256774419E+02
   1.1000000000000000E+05   1.1415182372693193E+03   9.9135756615870287E+02
   1.2000000000000000E+05   1.2064662314084808E+03   1.0474331523990968E+03
   1.3000000000000000E+05   1.2677394304201850E+03   1.1003173897619413E+03
   1.4000000000000000E+05   1.3256221391815409E+03   1.1502587626735822E+03
   1.5000000000000000E+05   1.3803679239216688E+03   1.1974786774520348E+03
   1.6000000000000000E+05   1.4322043153671059E+03   1.2421756393586090E+03
   1.7000000000000000E+05   1.4813365259355635E+03   1.2845285477867519E+03
   1.8000000000000000E+05   1.5279504358311001E+03   1.3246993401193345E+03
   1.9000000000000000E+05   1.5722150562453010E+03   1.3628351669360211E+03
   2.0000000000000000E+05   1.6142845388344167E+03   1.3990701688608824E+03
   2.1000000000000000E+05   1.6542999101298435E+03   1.4335270021757299E+03
   2.2000000000000000E+05   1.6923905122786064E+03   1.4663181087233581E+03
   2.3000000000000000E+05   1.7286752377714715E+03   1.4975468029894203E+03
   2.4000000000000000E+05   1.7632636295595933E+03   1.5273082352547865E+03
   2.5000000000000000E+05   1.7962567801836458E+03   1.5556901851451776E+03
   2.6000000000000000E+05   1.8277481658693378E+03   1.5827737908691277E+03
   2.7000000000000000E+05   1.8578243795205149E+03   1.6086341894458744E+03
   2.8000000000000000E+05   1.8865657221136344E+03   1.6333410398875194E+03
   2.9000000000000000E+05   1.9140468044526051E+03   1.6569590446334460E+03
   3.0000000000000000E+05   1.9403370219226526E+03   1.6795483678340149E+03
   3.1000000000000000E+05   1.9655010123361019E+03   1.7011650340570138E+03
   3.2000000000000000E+05   1.9895990468543175E+03   1.7218612707997518E+03
   3.3000000000000000E+05   2.0126874005920461E+03   1.7416858306244462E+03
   3.4000000000000000E+05   2.0348186868283397E+03   1.7606842814122708E+03
   3.5000000000000000E+05   2.0560420625008287E+03   1.7788991963167543E+03
   3.6000000000000000E+05   2.0764036528000593E+03   1.7963705041743760E+03
   3.7000000000000000E+05   2.0959466576928844E+03   1.8131355986215965E+03
   3.8000000000000000E+05   2.1147115635074501E+03   1.8292295232969404E+03
   3.9000000000000000E+05   2.1327364720318224E+03   1.8446852422849479E+03
   4.0000000000000000E+05   2.1500571578849072E+03   1.8595337051653746E+03
   4.1000000000000000E+05   2.1667072888757416E+03   1.8738040320847529E+03
   4.2000000000000000E+05   2.1827185109787342E+03   1.8875235956101658E+03
   4.3000000000000000E+05   2.1981207187185473E+03   1.9007182399766257E+03
   4.4000000000000000E+05   2.2129420146711500E+03   1.9134122660203575E+03
   4.5000000000000000E+05   2.2272089634532608E+03   1.9256286354600218E+03
   4.6000000000000000E+05   2.2409466884108383E+03   1.9373890560706541E+03
   4.7000000000000000E+05   2.2541787871954580E+03   1.9487139306311988E+03
   4.8000000000000000E+05   2.2669277663089883E+03   1.9596226926854870E+03
   4.9000000000000000E+05   2.2792146966173300E+03   1.9701335592944765E+03
   5.0000000000000000E+05   2.2910597391921124E+03   1.9802639333495852E+03
   5.1000000000000000E+05   2.3024818251086854E+03   1.9900301730515866E+03
   5.2000000000000000E+05   2.3134990071844591E+03   1.9994478626015159E+03
   5.3000000000000000E+05   2.3241282820330762E+03   2.0085316869603466E+03
   5.4000000000000000E+05   2.3343859526564620E+03   2.0172957092165582E+03
   5.5000000000000000E+05   2.3442873597294629E+03   2.0257531766344075E+03
   5.6000000000000000E+05   2.3538470604700206E+03   2.0339166599920420E+03
   5.7000000000000000E+05   2.3630790237905785E+03   2.0417982047488940E+03
   5.8000000000000000E+05   2.3719963590708730E+03   2.0494091340169830E+03
   5.9000000000000000E+05   2.3806117231156172E+03   2.0567603567802062E+03
   6.0000000000000000E+05   2.3889369603047539E+03   2.0638621037309645E+03
   6.1000000000000000E+05   2.3969835634626179E+03   2.0707242759933902E+03
   6.2000000000000000E+05   2.4047623106909050E+03   2.0773561770862316E+03
   6.3000000000000000E+05   2.4122835349973166E+03   2.0837667186514263E+03
   6.4000000000000000E+05   2.4195570424400012E+03   2.0899643619074000E+03
   6.5000000000000000E+05   2.4265923169995358E+03   2.0959572744815987E+03
   6.6000000000000000E+05   2.4333982708789176E+03   2.1017531464092194E+03
   6.7000000000000000E+05   2.4399835143447453E+03   2.1073593946752262E+03
   6.8000000000000000E+05   2.4463561499002899E+03   2.1127830121827246E+03
   6.9000000000000000E+05   2.4525240692885850E+03   2.1180307913184420E+03
   7.0000000000000000E+05   2.4584947161924038E+03   2.1231091500611446E+03
   7.1000000000000000E+05   2.4642751526932789E+03   2.1280241828775875E+03
   7.2000000000000000E+05   2.4698723375311329E+03   2.1327818706830162E+03
   7.3000000000000000E+05   2.4752926882185484E+03   2.1373877561412291E+03
   7.4000000000000000E+05   2.4805425918137989E+03   2.1418473264606928E+03
   7.5000000000000000E+05   2.4856278923848358E+03   2.1461656325130411E+03
   7.6000000000000000E+05   2.4905544174593228E+03   2.1503476834007929E+03
   7.7000000000000000E+05   2.4953277292865487E+03   2.1543982619466055E+03
   7.8000000000000000E+05   2.4999528971830714E+03   2.1583217570330580E+03
   7.9000000000000000E+05   2.5044352639127833E+03   2.1621227356669010E+03
   8.0000000000000000E+05   2.5087794079663799E+03   2.1658051712106353E+03
   8.1000000000000000E+05   2.5129900953327256E+03   2.1693731532751935E+03
   8.2000000000000000E+05   2.5170717815738622E+03   2.1728305185389800E+03
   8.3000000000000000E+05   2.5210288494631022E+03   2.1761810284223566E+03
   8.4000000000000000E+05   2.5248652730235103E+03   2.1794281196655770E+03
   8.5000000000000000E+05   2.5285850528310984E+03   2.1825752296232654E+03
   8.6000000000000000E+05   2.5321919518938394E+03   2.1856256013530669E+03
   8.7000000000000000E+05   2.5356898097809881E+03   2.1885825163256500E+03
   8.8000000000000000E+05   2.5390819484912836E+03   2.1914488551433951E+03
   8.9000000000000000E+05   2.5423718147284690E+03   2.1942275749330411E+03
   9.0000000000000000E+05   2.5455626099430215E+03   2.1969214351692403E+03
   9.1000000000000000E+05   2.5486575285608533E+03   2.1995331757979711E+03
   9.2000000000000000E+05   2.5516595071800466E+03   2.2020653308018768E+03
   9.3000000000000000E+05   2.5545716161995883E+03   2.2045205211261000E+03
   9.4000000000000000E+05   2.5573964637137747E+03   2.2069010102430930E+03
   9.5000000000000000E+05   2.5601368980530519E+03   2.2092092292467100E+03
   9.6000000000000000E+05   2.5627953915231919E+03   2.2114473172882249E+03
   9.7000000000000000E+05   2.5653743737314016E+03   2.2136173703014547E+03
   9.8000000000000000E+05   2.5678764098770921E+03   2.2157215758587572E+03
   9.9000000000000000E+05   2.5703037242654873E+03   2.2177618564258073E+03
   1.0000000000000000E+06   2.5726586347978791E+03   2.2197401951699708E+03
   1.1000000000000000E+06   2.5926636822860605E+03   2.2364934560464872E+03
   1.2000000000000000E+06   2.6073891971987873E+03   2.2487372076601241E+03
   1.3000000000000000E+06   2.6181278017484760E+03   2.2575806916677957E+03
   1.4000000000000000E+06   2.6258179693611078E+03   2.2638285983812470E+03
   1.5000000000000000E+06   2.6311531754391158E+03   2.2680749632747734E+03
   1.6000000000000000E+06   2.6346530140367204E+03   2.2707644602996338E+03
   1.7000000000000000E+06   2.6367118264249743E+03   2.2722342437501402E+03
   1.8000000000000000E+06   2.6376320179093073E+03   2.2727426413221328E+03
   1.9000000000000000E+06   2.6376494452955353E+03   2.2724907672147201E+03
   2.0000000000000000E+06   2.6369472503820934E+03   2.2716347742226144E+03
   2.1000000000000000E+06   2.6356701623903223E+03   2.2702978899918508E+03
   2.2000000000000000E+06   2.6339339664884178E+03   2.2685784972507308E+03
   2.3000000000000000E+06   2.6318302888508952E+03   2.2665544528008886E+03
   2.4000000000000000E+06   2.6294342212512538E+03   2.2642893298510858E+03
   2.5000000000000000E+06   2.6268060967000774E+03   2.2618341699671732E+03
   2.6000000000000000E+06   2.6239928419250750E+03   2.2592288281055817E+03
   2.7000000000000000E+06   2.6210375081347638E+03   2.2565092920096786E+03
   2.8000000000000000E+06   2.6179693803113278E+03   2.2537005547255790E+03
   2.9000000000000000E+06   2.6148176267409413E+03   2.2508268874939031E+03
   3.0000000000000000E+06   2.6116028570571566E+03   2.2479057067857452E+03
   3.1000000000000000E+06   2.6083446174116598E+03   2.2449532256601710E+03
   3.2000000000000000E+06   2.6050583689752989E+03   2.2419822935011416E+03
   3.3000000000000000E+06   2.6017529183449387E+03   2.2390005546918924E+03
   3.4000000000000000E+06   2.5984433389019541E+03   2.2360200709946757E+03
   3.5000000000000000E+06   2.5951361364734112E+03   2.2330463769911739E+03
   3.6000000000000000E+06   2.5918385054341375E+03   2.2300853624728989E+03
   3.7000000000000000E+06   2.5885561244651271E+03   2.2271416660153418E+03
   3.8000000000000000E+06   2.5852935873352935E+03   2.2242190289326932E+03
   3.9000000000000000E+06   2.5820552870513552E+03   2.2213209513703728E+03
   4.0000000000000000E+06   2.5788435989856262E+03   2.2184493703294220E+03
   4.1000000000000000E+06   2.5756625073543360E+03   2.2156073651008328E+03
   4.2000000000000000E+06   2.5725120428585433E+03   2.2127950251267653E+03
   4.3000000000000000E+06   2.5693958723881015E+03   2.2100151018844508E+03
   4.4000000000000000E+06   2.5663134050045310E+03   2.2072671568884780E+03
   4.5000000000000000E+06   2.5632681101180688E+03   2.2045537435026858E+03
   4.6000000000000000E+06   2.5602572299942012E+03   2.2018727684362320E+03
   4.7000000000000000E+06   2.5572865749774614E+03   2.1992284658838930E+03
   4.8000000000000000E+06   2.5543525728611285E+03   2.1966181164278141E+03
   4.9000000000000000E+06   2.5514556815593660E+03   2.1940419720735777E+03
   5.0000000000000000E+06   2.5485948188993411E+03   2.1914991315573543E+03
   5.1000000000000000E+06   2.5457707715517977E+03   2.1889900725077455E+03
   5.2000000000000000E+06   2.5429871332247253E+03   2.1865173349258284E+03
   5.3000000000000000E+06   2.5402376587337371E+03   2.1840761937225634E+03
   5.4000000000000000E+06   2.5375254399790874E+03   2.1816688164525649E+03
   5.5000000000000000E+06   2.5348509190627833E+03   2.1792954016100475E+03
   5.6000000000000000E+06   2.5322099044677475E+03   2.1769527334343729E+03
   5.7000000000000000E+06   2.5296020220090959E+03   2.1746404186337695E+03
   5.8000000000000000E+06   2.5270316486258262E+03   2.1723615637324651E+03
   5.9000000000000000E+06   2.5244958979378280E+03   2.1701139161600886E+03
   6.0000000000000000E+06   2.5219967033904077E+03   2.1678987891615288E+03
   6.1000000000000000E+06   2.5195267305590373E+03   2.1657106316483937E+03
   6.2000000000000000E+06   2.5170870632923279E+03   2.1635501462912180E+03
   6.3000000000000000E+06   2.5146822460861786E+03   2.1614205671601690E+03
   6.4000000000000000E+06   2.5123086370580622E+03   2.1593190758345550E+03
   6.5000000000000000E+06   2.5099669153711425E+03   2.1572460868979347E+03
   6.6000000000000000E+06   2.5076553783656182E+03   2.1552002219720785E+03
   6.7000000000000000E+06   2.5053708186200661E+03   2.1531790004206073E+03
   6.8000000000000000E+06   2.5031224055882712E+03   2.1511890932482725E+03
   6.9000000000000000E+06   2.5008996825913500E+03   2.1492226846911526E+03
   7.0000000000000000E+06   2.4987001288152992E+03   2.1472777996017035E+03
   7.1000000000000000E+06   2.4965300897311872E+03   2.1453590402840737E+03
   7.2000000000000000E+06   2.4943933301031248E+03   2.1434690790548470E+03
   7.3000000000000000E+06   2.4922727385272242E+03   2.1415951933787137E+03
   7.4000000000000000E+06   2.4901903711482037E+03   2.1397535827457000E+03
   7.5000000000000000E+06   2.4881246542310041E+03   2.1379282226064624E+03
   7.6000000000000000E+06   2.4860879601175734E+03   2.1361281652110570E+03
   7.7000000000000000E+06   2.4840725843044470E+03   2.1343476379426506E+03
   7.8000000000000000E+06   2.4820802912330719E+03   2.1325878614713947E+03
   7.9000000000000000E+06   2.4801178542939451E+03   2.1308537583980842E+03
   8.0000000000000000E+06   2.4781741409731244E+03   2.1291370379252680E+03
   8.1000000000000000E+06   2.4762542386361442E+03   2.1274413715021824E+03
   8.2000000000000000E+06   2.4743565530545925E+03   2.1257655186841534E+03
   8.3000000000000000E+06   2.4724829149498669E+03   2.1241107569277201E+03
   8.4000000000000000E+06   2.4706243638336291E+03   2.1224703900765767E+03
   8.5000000000000000E+06   2.4687952660928086E+03   2.1208549651927856E+03
   8.6000000000000000E+06   2.4669808933193704E+03   2.1192535534602598E+03
   8.7000000000000000E+06   2.4651788501903839E+03   2.1176643121909951E+03
   8.8000000000000000E+06   2.4634044118548718E+03   2.1160984578488069E+03
   8.9000000000000000E+06   2.4616608751530448E+03   2.1145583539210315E+03
   9.0000000000000000E+06   2.4599281911702478E+03   2.1130291574602606E+03
   9.1000000000000000E+06   2.4582084010961394E+03   2.1115123122120040E+03
   9.2000000000000000E+06   2.4565133345826102E+03   2.1100164835215292E+03
   9.3000000000000000E+06   2.4548297898971241E+03   2.1085318854547454E+03
   9.4000000000000000E+06   2.4531606538160831E+03   2.1070606040995108E+03
   9.5000000000000000E+06   2.4515288031328396E+03   2.1056194521306656E+03
   9.6000000000000000E+06   2.4498947377391291E+03   2.1041792391140557E+03
   9.7000000000000000E+06   2.4482891356128871E+03   2.1027625476643097E+03
   9.8000000000000000E+06   2.4466887019771643E+03   2.1013521464941900E+03
   9.9000000000000000E+06   2.4451145717774893E+03   2.0999635902042378E+03
   1.0000000000000000E+07   2.4435524704333202E+03   2.0985862825199820E+03
   1.1000000000000000E+07   2.4287513388553630E+03   2.0855400747741046E+03
   1.2000000000000000E+07   2.4152694818451710E+03   2.0736633344693760E+03
   1.3000000000000000E+07   2.4028937622863900E+03   2.0627683666311905E+03
   1.4000000000000000E+07   2.3915035811232810E+03   2.0527419898796661E+03
   1.5000000000000000E+07   2.3809445683665576E+03   2.0434508747807647E+03
   1.6000000000000000E+07   2.3711056271707130E+03   2.0347972102138299E+03
   1.7000000000000000E+07   2.3618988200940016E+03   2.0267030553272907E+03
   1.8000000000000000E+07   2.3532691621096915E+03   2.0191169608376854E+03
   1.9000000000000000E+07   2.3451453468729396E+03   2.0119772596933965E+03
   2.0000000000000000E+07   2.3374748720392854E+03   2.0052373686280421E+03
   2.1000000000000000E+07   2.3302127635370630E+03   1.9988575564660503E+03
   2.2000000000000000E+07   2.3233202349438625E+03   1.9928035857110315E+03
   2.3000000000000000E+07   2.3167636230474359E+03   1.9870456046428644E+03
   2.4000000000000000E+07   2.3105135427143641E+03   1.9815577267703864E+03
   2.5000000000000000E+07   2.3045442035541319E+03   1.9763171196326007E+03
   2.6000000000000000E+07   2.2988328574073503E+03   1.9713037525511627E+03
   2.7000000000000000E+07   2.2933593450318594E+03   1.9664997608769097E+03
   2.8000000000000000E+07   2.2881057247249628E+03   1.9618894130168749E+03
   2.9000000000000000E+07   2.2830559632523205E+03   1.9574584867743829E+03
   3.0000000000000000E+07   2.2781956786400106E+03   1.9531942882558437E+03
   3.1000000000000000E+07   2.2735119242385599E+03   1.9490853620497414E+03
   3.2000000000000000E+07   2.2689930061031000E+03   1.9451216047083437E+03
   3.3000000000000000E+07   2.2646283296017241E+03   1.9412934811115415E+03
   3.4000000000000000E+07   2.2604082677135875E+03   1.9375924500772389E+03
   3.5000000000000000E+07   2.2563240465001127E+03   1.9340109998732307E+03
   3.6000000000000000E+07   2.2523676512137904E+03   1.9305420244050522E+03
   3.7000000000000000E+07   2.2485317396542591E+03   1.9271788091245289E+03
   3.8000000000000000E+07   2.2448095724181399E+03   1.9239157029755600E+03
   3.9000000000000000E+07   2.2411949470837430E+03   1.9207469005037451E+03
   4.0000000000000000E+07   2.2376821452809663E+03   1.9176680701147725E+03
   4.1000000000000000E+07   2.2342658833924274E+03   1.9146735723008453E+03
   4.2000000000000000E+07   2.2309412697800713E+03   1.9117599932070643E+03
   4.3000000000000000E+07   2.2277037681734273E+03   1.9089228786063843E+03
   4.4000000000000000E+07   2.2245491639564425E+03   1.9061583829759904E+03
   4.5000000000000000E+07   2.2214735348929198E+03   1.9034635295484727E+03
   4.6000000000000000E+07   2.2184732254317478E+03   1.9008347799577252E+03
   4.7000000000000000E+07   2.2155448222419800E+03   1.8982691734516395E+03
   4.8000000000000000E+07   2.2126851352009103E+03   1.8957639293871564E+03
   4.9000000000000000E+07   2.2098911770607074E+03   1.8933163109559084E+03
   5.0000000000000000E+07   2.2071601474175827E+03   1.8909243301865943E+03
   5.1000000000000000E+07   2.2044894175705167E+03   1.8885848828610606E+03
   5.2000000000000000E+07   2.2018765171326240E+03   1.8862964621231813E+03
   5.3000000000000000E+07   2.1993191207509881E+03   1.8840564521088052E+03
   5.4000000000000000E+07   2.1968150395297844E+03   1.8818636776272585E+03
   5.5000000000000000E+07   2.1943622067036736E+03   1.8797152947712289E+03
   5.6000000000000000E+07   2.1919586735187481E+03   1.8776110107956010E+03
   5.7000000000000000E+07   2.1896025958205819E+03   1.8755478095871754E+03
   5.8000000000000000E+07   2.1872922312103701E+03   1.8735250107131080E+03
   5.9000000000000000E+07   2.1850259273283482E+03   1.8715409093006833E+03
   6.0000000000000000E+07   2.1828021205557839E+03   1.8695939053458762E+03
   6.1000000000000000E+07   2.1806193253551737E+03   1.8676829243215207E+03
   6.2000000000000000E+07   2.1784761328141954E+03   1.8658067588747488E+03
   6.3000000000000000E+07   2.1763712032313260E+03   1.8639640281226118E+03
   6.4000000000000000E+07   2.1743032624464549E+03   1.8621541166083207E+03
   6.5000000000000000E+07   2.1722710977115098E+03   1.8603754338977385E+03
   6.6000000000000000E+07   2.1702735544772845E+03   1.8586265809633035E+03
   6.7000000000000000E+07   2.1683095312025475E+03   1.8569077574356963E+03
   6.8000000000000000E+07   2.1663779770108213E+03   1.8552173736728503E+03
   6.9000000000000000E+07   2.1644778907413893E+03   1.8535544469017773E+03
   7.0000000000000000E+07   2.1626083133385305E+03   1.8519183376311996E+03
   7.1000000000000000E+07   2.1607683292921706E+03   1.8503080681534386E+03
   7.2000000000000000E+07   2.1589570629757786E+03   1.8487230515631798E+03
   7.3000000000000000E+07   2.1571736766070417E+03   1.8471628331853233E+03
   7.4000000000000000E+07   2.1554173671397625E+03   1.8456260105180788E+03
   7.5000000000000000E+07   2.1536873654520232E+03   1.8441125701268491E+03
   7.6000000000000000E+07   2.1519829341249379E+03   1.8426207509511714E+03
   7.7000000000000000E+07   2.1503033657221254E+03   1.8411515419425361E+03
   7.8000000000000000E+07   2.1486479811424092E+03   1.8397039124106300E+03
   7.9000000000000000E+07   2.1470161285925251E+03   1.8382757101175616E+03
   8.0000000000000000E+07   2.1454071806790548E+03   1.8368682322038105E+03
   8.1000000000000000E+07   2.1438205362735539E+03   1.8354801985405156E+03
   8.2000000000000000E+07   2.1422556149007146E+03   1.8341117540291755E+03
   8.3000000000000000E+07   2.1407118596005603E+03   1.8327613977142798E+03
   8.4000000000000000E+07   2.1391887333292379E+03   1.8314283276598665E+03
   8.5000000000000000E+07   2.1376857198417606E+03   1.8301149711629500E+03
   8.6000000000000000E+07   2.1362023211690193E+03   1.8288166038560632E+03
   8.7000000000000000E+07   2.1347380558913865E+03   1.8275358415099320E+03
   8.8000000000000000E+07   2.1332924622115543E+03   1.8262718967344447E+03
   8.9000000000000000E+07   2.1318650931540246E+03   1.8250237390374950E+03
   9.0000000000000000E+07   2.1304555170657027E+03   1.8237914379412609E+03
   9.1000000000000000E+07   2.1290633174568338E+03   1.8225737283281001E+03
   9.2000000000000000E+07   2.1276880933080729E+03   1.8213704248610816E+03
   9.3000000000000000E+07   2.1263294551721319E+03   1.8201821446928541E+03
   9.4000000000000000E+07   2.1249870268982645E+03   1.8190085235944548E+03
   9.5000000000000000E+07   2.1236604467713155E+03   1.8178490557060632E+03
   9.6000000000000000E+07   2.1223493613656019E+03   1.8167026171356972E+03
   9.7000000000000000E+07   2.1210534318075747E+03   1.8155691496316228E+03
   9.8000000000000000E+07   2.1197723292198189E+03   1.8144490662193193E+03
   9.9000000000000000E+07   2.1185057329530023E+03   1.8133415046336686E+03
   1.0000000000000000E+08   2.1172533361933274E+03   1.8122464102004760E+03
   1.1000000000000000E+08   2.1054487423625110E+03   1.8019277532940059E+03
   1.2000000000000000E+08   2.0947850234709281E+03   1.7926068688354237E+03
   1.3000000000000000E+08   2.0850693652404016E+03   1.7841183902089340E+03
   1.4000000000000000E+08   2.0761533948299011E+03   1.7763288749552958E+03
   1.5000000000000000E+08   2.0679205887845451E+03   1.7691376957847860E+03
   1.6000000000000000E+08   2.0602778164453916E+03   1.7624635143036105E+03
   1.7000000000000000E+08   2.0531495211041879E+03   1.7562386058059308E+03
   1.8000000000000000E+08   2.0464735832313474E+03   1.7504101688094299E+03
   1.9000000000000000E+08   2.0401983377181978E+03   1.7449321051928162E+03
   2.0000000000000000E+08   2.0342803664774419E+03   1.7397665684456413E+03
   2.1000000000000000E+08   2.0286828470409200E+03   1.7348813113042820E+03
   2.2000000000000000E+08   2.0233742858942185E+03   1.7302487565748356E+03
   2.3000000000000000E+08   2.0183275496843310E+03   1.7258451462473909E+03
   2.4000000000000000E+08   2.0135191021735097E+03   1.7216498781799112E+03
   2.5000000000000000E+08   2.0089283941535818E+03   1.7176449653830730E+03
   2.6000000000000000E+08   2.0045373855740584E+03   1.7138146167149130E+03
   2.7000000000000000E+08   2.0003301566088730E+03   1.7101449016931192E+03
   2.8000000000000000E+08   1.9962925917885148E+03   1.7066234707187941E+03
   2.9000000000000000E+08   1.9924121150933324E+03   1.7032393151716719E+03
   3.0000000000000000E+08   1.9886774818765475E+03   1.6999826010805821E+03
   3.1000000000000000E+08   1.9850785878175527E+03   1.6968444893988781E+03
   3.2000000000000000E+08   1.9816063323709411E+03   1.6938170182234965E+03
   3.3000000000000000E+08   1.9782524894151652E+03   1.6908929939706475E+03
   3.4000000000000000E+08   1.9750095896099078E+03   1.6880658837224173E+03
   3.5000000000000000E+08   1.9718708470255183E+03   1.6853297514036528E+03
   3.6000000000000000E+08   1.9688300607975964E+03   1.6826791756818241E+03
   3.7000000000000000E+08   1.9658815654273681E+03   1.6801092042121013E+03
   3.8000000000000000E+08   1.9630201632680344E+03   1.6776152923082052E+03
   3.9000000000000000E+08   1.9602410832789665E+03   1.6751932668001664E+03
   4.0000000000000000E+08   1.9575399192045702E+03   1.6728392764142593E+03
   4.1000000000000000E+08   1.9549126110819936E+03   1.6705497737414862E+03
   4.2000000000000000E+08   1.9523554016825185E+03   1.6683214729189417E+03
   4.3000000000000000E+08   1.9498648097626697E+03   1.6661513331939414E+03
   4.4000000000000000E+08   1.9474376015360708E+03   1.6640365263179121E+03
   4.5000000000000000E+08   1.9450707713700479E+03   1.6619744276908539E+03
   4.6000000000000000E+08   1.9427615150823099E+03   1.6599625822235937E+03
   4.7000000000000000E+08   1.9405072232879470E+03   1.6579987154464282E+03
   4.8000000000000000E+08   1.9383054506665906E+03   1.6560806853058232E+03
   4.9000000000000000E+08   1.9361539127508090E+03   1.6542065009859950E+03
   5.0000000000000000E+08   1.9340504676192479E+03   1.6523742850004128E+03
   5.1000000000000000E+08   1.9319931050926702E+03   1.6505822916169709E+03
   5.2000000000000000E+08   1.9299799368717177E+03   1.6488288584371012E+03
   5.3000000000000000E+08   1.9280091882135043E+03   1.6471124425896985E+03
   5.4000000000000000E+08   1.9260791833363310E+03   1.6454315765206381E+03
   5.5000000000000000E+08   1.9241883441438076E+03   1.6437848874747383E+03
   5.6000000000000000E+08   1.9223351867962267E+03   1.6421710754740986E+03
   5.7000000000000000E+08   1.9205182984337973E+03   1.6405889062292740E+03
   5.8000000000000000E+08   1.9187363518761410E+03   1.6390372171602871E+03
   5.9000000000000000E+08   1.9169880838706465E+03   1.6375149159520618E+03
   6.0000000000000000E+08   1.9152723007892421E+03   1.6360209478925999E+03
   6.1000000000000000E+08   1.9135878743196363E+03   1.6345543379959436E+03
   6.2000000000000000E+08   1.9119337229944963E+03   1.6331141337009938E+03
   6.3000000000000000E+08   1.9103088265448789E+03   1.6316994469544861E+03
   6.4000000000000000E+08   1.9087122145630344E+03   1.6303094299166314E+03
   6.5000000000000000E+08   1.9071429566918616E+03   1.6289432704925330E+03
   6.6000000000000000E+08   1.9056001814958236E+03   1.6276002089999058E+03
   6.7000000000000000E+08   1.9040830418485989E+03   1.6262795091937896E+03
   6.8000000000000000E+08   1.9025907423551521E+03   1.6249804701588139E+03
   6.9000000000000000E+08   1.9011225091460815E+03   1.6237024141642762E+03
   7.0000000000000000E+08   1.8996776204262308E+03   1.6224447275541474E+03
   7.1000000000000000E+08   1.8982553745277471E+03   1.6212067745259235E+03
   7.2000000000000000E+08   1.8968551022011877E+03   1.6199879908030402E+03
   7.3000000000000000E+08   1.8954761648263786E+03   1.6187878007726795E+03
   7.4000000000000000E+08   1.8941179558585059E+03   1.6176056940452575E+03
   7.5000000000000000E+08   1.8927798794872972E+03   1.6164411386782390E+03
   7.6000000000000000E+08   1.8914613807536994E+03   1.6152936500776714E+03
   7.7000000000000000E+08   1.8901619121226638E+03   1.6141627574856909E+03
   7.8000000000000000E+08   1.8888809675408374E+03   1.6130480107446865E+03
   7.9000000000000000E+08   1.8876180359235511E+03   1.6119489664498974E+03
   8.0000000000000000E+08   1.8863726508291397E+03   1.6108652219800986E+03
   8.1000000000000000E+08   1.8851443466602293E+03   1.6097963703279754E+03
   8.2000000000000000E+08   1.8839326850270591E+03   1.6087420349476322E+03
   8.3000000000000000E+08   1.8827372333155611E+03   1.6077018200950663E+03
   8.4000000000000000E+08   1.8815575916419120E+03   1.6066753796787718E+03
   8.5000000000000000E+08   1.8803933625220279E+03   1.6056623885507731E+03
   8.6000000000000000E+08   1.8792441609545335E+03   1.6046624883814977E+03
   8.7000000000000000E+08   1.8781096250582866E+03   1.6036753657271390E+03
   8.8000000000000000E+08   1.8769894055578475E+03   1.6027007307052927E+03
   8.9000000000000000E+08   1.8758831501062596E+03   1.6017382553735231E+03
   9.0000000000000000E+08   1.8747905397114926E+03   1.6007876797638912E+03
   9.1000000000000000E+08   1.8737112512585154E+03   1.5998487253477062E+03
   9.2000000000000000E+08   1.8726449854183804E+03   1.5989211084529891E+03
   9.3000000000000000E+08   1.8715914368664005E+03   1.5980045738701281E+03
   9.4000000000000000E+08   1.8705503179230568E+03   1.5970988856807273E+03
   9.5000000000000000E+08   1.8695213649314844E+03   1.5962037791145945E+03
   9.6000000000000000E+08   1.8685042885997063E+03   1.5953190324221421E+03
   9.7000000000000000E+08   1.8674988493379885E+03   1.5944444320943949E+03
   9.8000000000000000E+08   1.8665047838536329E+03   1.5935797300856209E+03
   9.9000000000000000E+08   1.8655218529678345E+03   1.5927247502693597E+03
   1.0000000000000000E+09   1.8645498190564826E+03   1.5918792524731643E+03
   1.1000000000000000E+09   1.8553818473332692E+03   1.5839055526893089E+03
   1.2000000000000000E+09   1.8470905091082611E+03   1.5766955734497210E+03
   1.3000000000000000E+09   1.8395283773945196E+03   1.5701207393855491E+03
   1.4000000000000000E+09   1.8325819250556672E+03   1.5640820883746539E+03
   1.5000000000000000E+09   1.8261619192264702E+03   1.5585018638235974E+03
   1.6000000000000000E+09   1.8201969840644949E+03   1.5533177791020412E+03
   1.7000000000000000E+09   1.8146291772042030E+03   1.5484794370174670E+03
   1.8000000000000000E+09   1.8094108146885051E+03   1.5439452573646097E+03
   1.9000000000000000E+09   1.8045022056580497E+03   1.5396806177280541E+03
   2.0000000000000000E+09   1.7998699974573217E+03   1.5356565221057958E+03
   2.1000000000000000E+09   1.7954858520640330E+03   1.5318482707136075E+03
   2.2000000000000000E+09   1.7913255400568103E+03   1.5282347613819145E+03
   2.3000000000000000E+09   1.7873681691798161E+03   1.5247978005098578E+03
   2.4000000000000000E+09   1.7835955887698008E+03   1.5215215861215768E+03
   2.5000000000000000E+09   1.7799919682794068E+03   1.5183923336958508E+03
   2.6000000000000000E+09   1.7765434071292157E+03   1.5153979399029006E+03
   2.7000000000000000E+09   1.7732375871375320E+03   1.5125276862774251E+03
   2.8000000000000000E+09   1.7700636304839131E+03   1.5097721010099076E+03
   2.9000000000000000E+09   1.7670118298175776E+03   1.5071227341252281E+03
   3.0000000000000000E+09   1.7640734509526997E+03   1.5045719901408795E+03
   3.1000000000000000E+09   1.7612407357220304E+03   1.5021131101943988E+03
   3.2000000000000000E+09   1.7585066144139755E+03   1.4997399461649813E+03
   3.3000000000000000E+09   1.7558647088521918E+03   1.4974469496727486E+03
   3.4000000000000000E+09   1.7533092623202131E+03   1.4952291086688119E+03
   3.5000000000000000E+09   1.7508350046487135E+03   1.4930818393182553E+03
   3.6000000000000000E+09   1.7484371337611249E+03   1.4910009641773092E+03
   3.7000000000000000E+09   1.7461112532580835E+03   1.4889826591247086E+03
   3.8000000000000000E+09   1.7438533435980053E+03   1.4870234260661964E+03
   3.9000000000000000E+09   1.7416596943563497E+03   1.4851200385999612E+03
   4.0000000000000000E+09   1.7395268961465665E+03   1.4832695302742429E+03
   4.1000000000000000E+09   1.7374517839989144E+03   1.4814691500147990E+03
   4.2000000000000000E+09   1.7354314505234975E+03   1.4797163679372970E+03
   4.3000000000000000E+09   1.7334631791746322E+03   1.4780088231569705E+03
   4.4000000000000000E+09   1.7315444899189085E+03   1.4763443546067458E+03
   4.5000000000000000E+09   1.7296729953387589E+03   1.4747208931056828E+03
   4.6000000000000000E+09   1.7278465403932616E+03   1.4731365617749034E+03
   4.7000000000000000E+09   1.7260631191950235E+03   1.4715896124882811E+03
   4.8000000000000000E+09   1.7243208166579077E+03   1.4700783823753086E+03
   4.9000000000000000E+09   1.7226178006139776E+03   1.4686012860225151E+03
   5.0000000000000000E+09   1.7209524966346617E+03   1.4671569415647098E+03
   5.1000000000000000E+09   1.7193232725726311E+03   1.4657439395340816E+03
   5.2000000000000000E+09   1.7177286868057338E+03   1.4643610225119105E+03
   5.3000000000000000E+09   1.7161673463857946E+03   1.4630069808401431E+03
   5.4000000000000000E+09   1.7146379476562813E+03   1.4616806812458194E+03
   5.5000000000000000E+09   1.7131392516484018E+03   1.4603810484209962E+03
   5.6000000000000000E+09   1.7116701242146560E+03   1.4591070924265005E+03
   5.7000000000000000E+09   1.7102294386044066E+03   1.4578578382347750E+03
   5.8000000000000000E+09   1.7088161568371490E+03   1.4566323837881953E+03
   5.9000000000000000E+09   1.7074293457166170E+03   1.4554299108272280E+03
   6.0000000000000000E+09   1.7060680218705420E+03   1.4542495716315545E+03
   6.1000000000000000E+09   1.7047313041006057E+03   1.4530906004465644E+03
   6.2000000000000000E+09   1.7034183776759226E+03   1.4519522857616676E+03
   6.3000000000000000E+09   1.7021284287803267E+03   1.4508339223758464E+03
   6.4000000000000000E+09   1.7008606761545846E+03   1.4497348345720770E+03
   6.5000000000000000E+09   1.6996144576368431E+03   1.4486544383919620E+03
   6.6000000000000000E+09   1.6983890302072139E+03   1.4475920957802732E+03
   6.7000000000000000E+09   1.6971837848588193E+03   1.4465472711260602E+03
   6.8000000000000000E+09   1.6959980409651521E+03   1.4455193806348962E+03
   6.9000000000000000E+09   1.6948312394231152E+03   1.4445079331814948E+03
   7.0000000000000000E+09   1.6936827857235639E+03   1.4435124154626822E+03
   7.1000000000000000E+09   1.6925521362552358E+03   1.4425323545758479E+03
   7.2000000000000000E+09   1.6914388047023406E+03   1.4415673232058109E+03
   7.3000000000000000E+09   1.6903422516836019E+03   1.4406168582315372E+03
   7.4000000000000000E+09   1.6892620022493095E+03   1.4396805462709899E+03
   7.5000000000000000E+09   1.6881976224964217E+03   1.4387580070242577E+03
   7.6000000000000000E+09   1.6871486334738315E+03   1.4378488300379015E+03
   7.7000000000000000E+09   1.6861146331587490E+03   1.4369526628022741E+03
   7.8000000000000000E+09   1.6850952410850489E+03   1.4360691715037578E+03
   7.9000000000000000E+09   1.6840900386708743E+03   1.4351979965393805E+03
   8.0000000000000000E+09   1.6830986638991649E+03   1.4343388217340487E+03
   8.1000000000000000E+09   1.6821207199807070E+03   1.4334913080023666E+03
   8.2000000000000000E+09   1.6811559046974360E+03   1.4326551860722061E+03
   8.3000000000000000E+09   1.6802038859462791E+03   1.4318301678074627E+03
   8.4000000000000000E+09   1.6792643013463880E+03   1.4310159438319672E+03
   8.5000000000000000E+09   1.6783368584361363E+03   1.4302122582660288E+03
   8.6000000000000000E+09   1.6774213058179682E+03   1.4294188855787720E+03
   8.7000000000000000E+09   1.6765173336995003E+03   1.4286355604935850E+03
   8.8000000000000000E+09   1.6756245718014711E+03   1.4278619744294592E+03
   8.9000000000000000E+09   1.6747429018215335E+03   1.4270980034307017E+03
   9.0000000000000000E+09   1.6738719771599467E+03   1.4263433590787192E+03
   9.1000000000000000E+09   1.6730115329146126E+03   1.4255978137281550E+03
   9.2000000000000000E+09   1.6721614269918364E+03   1.4248612295631144E+03
   9.3000000000000000E+09   1.6713213196539011E+03   1.4241333271450223E+03
   9.4000000000000000E+09   1.6704910316689891E+03   1.4234139442112578E+03
   9.5000000000000000E+09   1.6696703305042779E+03   1.4227028807538970E+03
   9.6000000000000000E+09   1.6688590406549979E+03   1.4219999795985943E+03
   9.7000000000000000E+09   1.6680569336417816E+03   1.4213050456023516E+03
   9.8000000000000000E+09   1.6672638023454826E+03   1.4206179009110035E+03
   9.9000000000000000E+09   1.6664794626093712E+03   1.4199383836854417E+03
   1.0000000000000000E+10   1.6657037548468249E+03   1.4192663527572149E+03
   1.1000000000000000E+10   1.6583830352204172E+03   1.4129246224265733E+03
   1.2000000000000000E+10   1.6517557339578923E+03   1.4071843825353224E+03
   1.3000000000000000E+10   1.6457057704491097E+03   1.4019448779587506E+03
   1.4000000000000000E+10   1.6401438225970883E+03   1.3971285678598288E+03
   1.5000000000000000E+10   1.6349994055171580E+03   1.3926743009190261E+03
   1.6000000000000000E+10   1.6302163108697823E+03   1.3885332893672316E+03
   1.7000000000000000E+10   1.6257486668009699E+03   1.3846657476086536E+03
   1.8000000000000000E+10   1.6215588218260707E+03   1.3810390067216722E+03
   1.9000000000000000E+10   1.6176154574456766E+03   1.3776258909373623E+03
   2.0000000000000000E+10   1.6138920107290064E+03   1.3744033820676186E+03
   2.1000000000000000E+10   1.6103661617338994E+03   1.3713521066730345E+03
   2.2000000000000000E+10   1.6070186902546184E+03   1.3684553990249881E+03
   2.3000000000000000E+10   1.6038330073670991E+03   1.3656988762507820E+03
   2.4000000000000000E+10   1.6007948325441332E+03   1.3630701422506399E+03
   2.5000000000000000E+10   1.5978913805954301E+03   1.3605581410149896E+03
   2.6000000000000000E+10   1.5951117850406420E+03   1.3581534262255864E+03
   2.7000000000000000E+10   1.5924461885388735E+03   1.3558474666958268E+03
   2.8000000000000000E+10   1.5898859734908883E+03   1.3536327850002353E+03
   2.9000000000000000E+10   1.5874233200361232E+03   1.3515026171647598E+03
   3.0000000000000000E+10   1.5850515352001614E+03   1.3494511296397022E+03
   3.1000000000000000E+10   1.5827641786235042E+03   1.3474727724890840E+03
   3.2000000000000000E+10   1.5805557579511028E+03   1.3455627714532843E+03
   3.3000000000000000E+10   1.5784211276240892E+03   1.3437166747395333E+03
   3.4000000000000000E+10   1.5763558055298799E+03   1.3419305839865954E+03
   3.5000000000000000E+10   1.5743555853394453E+03   1.3402008554705565E+03
   3.6000000000000000E+10   1.5724164319119445E+03   1.3385240230954746E+03
   3.7000000000000000E+10   1.5705349814155657E+03   1.3368971488844350E+03
   3.8000000000000000E+10   1.5687080539449021E+03   1.3353174768127715E+03
   3.9000000000000000E+10   1.5669327444346195E+03   1.3337824815834267E+03
   4.0000000000000000E+10   1.5652062414359691E+03   1.3322897395227992E+03
   4.1000000000000000E+10   1.5635258908265494E+03   1.3308369702665648E+03
   4.2000000000000000E+10   1.5618896915193659E+03   1.3294223952123166E+03
   4.3000000000000000E+10   1.5602950899094428E+03   1.3280438562190316E+03
   4.4000000000000000E+10   1.5587404509733101E+03   1.3266998845590588E+03
   4.5000000000000000E+10   1.5572238143665998E+03   1.3253887973028911E+03
   4.6000000000000000E+10   1.5557431982128558E+03   1.3241089100085310E+03
   4.7000000000000000E+10   1.5542971000013008E+03   1.3228589050758078E+03
   4.8000000000000000E+10   1.5528842435318440E+03   1.3216376399357596E+03
   4.9000000000000000E+10   1.5515029589938842E+03   1.3204437084818894E+03
   5.0000000000000000E+10   1.5501518353400702E+03   1.3192758965239029E+03
   5.1000000000000000E+10   1.5488299332200961E+03   1.3181333458243673E+03
   5.2000000000000000E+10   1.5475357961871871E+03   1.3170148349255098E+03
   5.3000000000000000E+10   1.5462683033671758E+03   1.3159193955973426E+03
   5.4000000000000000E+10   1.5450267120716628E+03   1.3148463441004758E+03
   5.5000000000000000E+10   1.5438097829732144E+03   1.3137946390965781E+03
   5.6000000000000000E+10   1.5426166796445968E+03   1.3127635447116318E+03
   5.7000000000000000E+10   1.5414462533362916E+03   1.3117521068582691E+03
   5.8000000000000000E+10   1.5402981813823060E+03   1.3107599710797481E+03
   5.9000000000000000E+10   1.5391712798871354E+03   1.3097861707786997E+03
   6.0000000000000000E+10   1.5380650308210388E+03   1.3088302242812847E+03
   6.1000000000000000E+10   1.5369784304394504E+03   1.3078913012024423E+03
   6.2000000000000000E+10   1.5359111859981858E+03   1.3069690973951990E+03
   6.3000000000000000E+10   1.5348623202274109E+03   1.3060628161177297E+03
   6.4000000000000000E+10   1.5338313894719145E+03   1.3051720470446458E+03
   6.5000000000000000E+10   1.5328178862425470E+03   1.3042963404657128E+03
   6.6000000000000000E+10   1.5318212380326345E+03   1.3034352032232364E+03
   6.7000000000000000E+10   1.5308405864221338E+03   1.3025879414491624E+03
   6.8000000000000000E+10   1.5298758851948962E+03   1.3017544506241520E+03
   6.9000000000000000E+10   1.5289263786959818E+03   1.3009341135222032E+03
   7.0000000000000000E+10   1.5279917000627624E+03   1.3001266022462839E+03
   7.1000000000000000E+10   1.5270714367808887E+03   1.2993315527488587E+03
   7.2000000000000000E+10   1.5261651299403688E+03   1.2985485732038728E+03
   7.3000000000000000E+10   1.5252722735532946E+03   1.2977772462842670E+03
   7.4000000000000000E+10   1.5243927954172102E+03   1.2970174584386211E+03
   7.5000000000000000E+10   1.5235258676958695E+03   1.2962685619243839E+03
   7.6000000000000000E+10   1.5226713418965758E+03   1.2955303982422488E+03
   7.7000000000000000E+10   1.5218292936364689E+03   1.2948029756020428E+03
   7.8000000000000000E+10   1.5209987738181192E+03   1.2940855538804165E+03
   7.9000000000000000E+10   1.5201797936060398E+03   1.2933781071489332E+03
   8.0000000000000000E+10   1.5193718319705627E+03   1.2926802085410475E+03
   8.1000000000000000E+10   1.5185748517229219E+03   1.2919917925733553E+03
   8.2000000000000000E+10   1.5177885353207896E+03   1.2913125891637808E+03
   8.3000000000000000E+10   1.5170125371512897E+03   1.2906423098645553E+03
   8.4000000000000000E+10   1.5162464832101775E+03   1.2899806509433267E+03
   8.5000000000000000E+10   1.5154905174257949E+03   1.2893276750327318E+03
   8.6000000000000000E+10   1.5147436732892943E+03   1.2886826564698451E+03
   8.7000000000000000E+10   1.5140066066806176E+03   1.2880460315625267E+03
   8.8000000000000000E+10   1.5132785803609020E+03   1.2874172375219359E+03
   8.9000000000000000E+10   1.5125591006733312E+03   1.2867958815702068E+03
   9.0000000000000000E+10   1.5118487960267437E+03   1.2861823963290408E+03
   9.1000000000000000E+10   1.5111468569344643E+03   1.2855761645719463E+03
   9.2000000000000000E+10   1.5104533134107116E+03   1.2849771787102995E+03
   9.3000000000000000E+10   1.5097675947963844E+03   1.2843850049970390E+03
   9.4000000000000000E+10   1.5090902985561502E+03   1.2838000409553990E+03
   9.5000000000000000E+10   1.5084205249265369E+03   1.2832216196801944E+03
   9.6000000000000000E+10   1.5077582480792187E+03   1.2826496948062013E+03
   9.7000000000000000E+10   1.5071034343827439E+03   1.2820842129981957E+03
   9.8000000000000000E+10   1.5064560422451273E+03   1.2815251331969550E+03
   9.9000000000000000E+10   1.5058157076885489E+03   1.2809721613786683E+03
   1.0000000000000000E+11   1.5051823640387902E+03   1.2804252318616248E+03
   1.1000000000000000E+11   1.4992022427210218E+03   1.2752614316853728E+03
