#Energy(eV)    Elastic_MFP(A)
   1.0000000000000000E-03   7.3708095630052601E+04
   1.0999999999999999E-02   6.7798800531329562E+03
   2.1000000000000001E-02   3.5741358273053193E+03
   3.1000000000000007E-02   2.4332332569593441E+03
   4.1000000000000002E-02   1.8475053585115240E+03
   5.1000000000000004E-02   1.4907651828769128E+03
   6.0999999999999999E-02   1.2505645792263056E+03
   7.0999999999999994E-02   1.0777485491532759E+03
   8.0999999999999989E-02   9.4740993344312017E+02
   9.0999999999999998E-02   8.4557631975692675E+02
   1.0100000000000001E-01   7.6380137632367087E+02
   2.0099999999999998E-01   3.9177265463353484E+02
   3.0099999999999999E-01   2.6576560201793029E+02
   4.0099999999999997E-01   2.0215048838815792E+02
   5.0100000000000000E-01   1.6369935700151242E+02
   6.0099999999999998E-01   1.3790779667074054E+02
   7.0099999999999996E-01   1.1938684622789164E+02
   8.0099999999999993E-01   1.0542985250962859E+02
   9.0100000000000002E-01   9.4527312927569398E+01
   1.0009999999999999E+00   8.5770434802473929E+01
   1.1010000000000000E+00   7.8579111794466414E+01
   1.2010000000000001E+00   7.2565511250698890E+01
   1.3009999999999999E+00   6.7460427636268207E+01
   1.4010000000000000E+00   6.3071097497851468E+01
   1.5009999999999999E+00   5.9255832315114141E+01
   1.6009999999999998E+00   5.5908131282658083E+01
   1.7009999999999998E+00   5.2946381344133208E+01
   1.8009999999999997E+00   5.0306977933644546E+01
   1.9009999999999998E+00   4.7939609898157762E+01
   2.0009999999999999E+00   4.5803953443978884E+01
   2.1010000000000000E+00   4.3867306889408411E+01
   2.2009999999999996E+00   4.2102867852611581E+01
   2.3009999999999997E+00   4.0488457978111889E+01
   2.4009999999999998E+00   3.9005565116482593E+01
   2.5009999999999999E+00   3.7638614367497709E+01
   2.6010000000000000E+00   3.6374406613560836E+01
   2.7009999999999996E+00   3.5201681219777448E+01
   2.8009999999999997E+00   3.4110772037809681E+01
   2.9009999999999998E+00   3.3093334219517480E+01
   3.0009999999999999E+00   3.2142125418495517E+01
   3.1010000000000000E+00   3.1250829132349590E+01
   3.2009999999999996E+00   3.0413910993230353E+01
   3.3009999999999997E+00   2.9626501063506151E+01
   3.4009999999999998E+00   2.8884296794344788E+01
   3.5009999999999999E+00   2.8183482530308702E+01
   3.6010000000000000E+00   2.7520662363965428E+01
   3.7009999999999996E+00   2.6892803815841560E+01
   3.8009999999999997E+00   2.6297190354898714E+01
   3.9009999999999998E+00   2.5731381199247462E+01
   4.0009999999999994E+00   2.5193177094757058E+01
   4.1010000000000000E+00   2.4680591083639943E+01
   4.2009999999999996E+00   2.4191823423099731E+01
   4.3010000000000002E+00   2.3725239979992192E+01
   4.4009999999999998E+00   2.3279353561575377E+01
   4.5009999999999994E+00   2.2852807714254546E+01
   4.6010000000000000E+00   2.2444362624338329E+01
   4.7009999999999996E+00   2.2052882810137543E+01
   4.8010000000000002E+00   2.1677326342998146E+01
   4.9009999999999998E+00   2.1316735375657718E+01
   5.0009999999999994E+00   2.0970227806157816E+01
   5.1010000000000000E+00   2.0636989910719262E+01
   5.2009999999999996E+00   2.0316269827019120E+01
   5.3010000000000002E+00   2.0007371765271476E+01
   5.4009999999999998E+00   1.9709650861636444E+01
   5.5009999999999994E+00   1.9422508587681236E+01
   5.6010000000000000E+00   1.9145388649781232E+01
   5.7009999999999996E+00   1.8877773316023109E+01
   5.8010000000000002E+00   1.8619180121784634E+01
   5.9009999999999998E+00   1.8369158907173365E+01
   6.0009999999999994E+00   1.8127289148326842E+01
   6.1010000000000000E+00   1.7893177551746010E+01
   6.2009999999999996E+00   1.7666455877613714E+01
   6.3010000000000002E+00   1.7446778966770648E+01
   6.4009999999999989E+00   1.7233822959158516E+01
   6.5009999999999994E+00   1.7027283666856640E+01
   6.6009999999999991E+00   1.6826875098534241E+01
   6.7009999999999987E+00   1.6632328115360206E+01
   6.8009999999999993E+00   1.6443389201747870E+01
   6.9009999999999989E+00   1.6259819345101608E+01
   7.0009999999999994E+00   1.6081393009978449E+01
   7.1009999999999991E+00   1.5907897197193298E+01
   7.2009999999999987E+00   1.5739130582475472E+01
   7.3009999999999993E+00   1.5574902724199665E+01
   7.4009999999999989E+00   1.5415033335181313E+01
   7.5009999999999994E+00   1.5259351613554506E+01
   7.6009999999999991E+00   1.5107695621876877E+01
   7.7009999999999987E+00   1.4959911721038463E+01
   7.8009999999999993E+00   1.4815854041369754E+01
   7.9009999999999989E+00   1.4675383996612565E+01
   8.0009999999999994E+00   1.4538369832501861E+01
   8.1009999999999991E+00   1.4404686210440225E+01
   8.2009999999999987E+00   1.4274213819203796E+01
   8.3009999999999984E+00   1.4146839016787247E+01
   8.4009999999999998E+00   1.4022453495021640E+01
   8.5009999999999994E+00   1.3900953970523895E+01
   8.6009999999999991E+00   1.3782241894319123E+01
   8.7009999999999987E+00   1.3666223183368277E+01
   8.8009999999999984E+00   1.3552807969478197E+01
   8.9009999999999998E+00   1.3441910364291637E+01
   9.0009999999999994E+00   1.3333448241570062E+01
   9.1009999999999991E+00   1.3227343031916549E+01
   9.2009999999999987E+00   1.3123519531914646E+01
   9.3009999999999984E+00   1.3021905724981591E+01
   9.4009999999999998E+00   1.2922432613394456E+01
   9.5009999999999994E+00   1.2825034061823743E+01
   9.6009999999999991E+00   1.2729646649238138E+01
   9.7009999999999987E+00   1.2636209530915794E+01
   9.8009999999999984E+00   1.2544664308004197E+01
   9.9009999999999998E+00   1.2454954905997420E+01
   1.0000999999999999E+01   1.2367027458959107E+01
   1.1000999999999999E+01   1.1575290609067181E+01
   1.2000999999999999E+01   1.0915422841793548E+01
   1.3000999999999999E+01   1.0357607472030004E+01
   1.4000999999999999E+01   9.8804285275331427E+00
   1.5000999999999999E+01   9.4680987755842771E+00
   1.6000999999999998E+01   9.1087192242251547E+00
   1.7000999999999998E+01   8.7931479733401101E+00
   1.8000999999999998E+01   8.5142429614906749E+00
   1.9000999999999998E+01   8.2663417759266711E+00
   2.0000999999999998E+01   8.0448961258162885E+00
   2.1000999999999998E+01   7.8462097926201517E+00
   2.2000999999999998E+01   7.6672473755994419E+00
   2.3000999999999998E+01   7.5054924482288996E+00
   2.4000999999999998E+01   7.3588408262915399E+00
   2.5000999999999998E+01   7.2255191941596637E+00
   2.6000999999999998E+01   7.1040223172426824E+00
   2.7000999999999998E+01   6.9930640621644491E+00
   2.8000999999999998E+01   6.8915388015952352E+00
   2.9000999999999998E+01   6.7984907187243433E+00
   3.0000999999999998E+01   6.7130891838483544E+00
   3.1000999999999998E+01   6.6346088446105318E+00
   3.2000999999999998E+01   6.5624134075571083E+00
   3.3000999999999998E+01   6.4959423354754717E+00
   3.4000999999999998E+01   6.4346998654348866E+00
   3.5000999999999998E+01   6.3782458878812642E+00
   3.6000999999999998E+01   6.3261883283678086E+00
   3.7000999999999998E+01   6.2781767501471597E+00
   3.8000999999999998E+01   6.2338969551901284E+00
   3.9000999999999998E+01   6.1930664057414733E+00
   4.0000999999999998E+01   6.1554303247000410E+00
   4.1000999999999998E+01   6.1207583596830819E+00
   4.2000999999999998E+01   6.0888417179787613E+00
   4.3000999999999998E+01   6.0594906964987496E+00
   4.4000999999999998E+01   6.0325325442661857E+00
   4.5000999999999998E+01   6.0078096066275428E+00
   4.6000999999999998E+01   5.9851777084615136E+00
   4.7000999999999998E+01   5.9645047412835925E+00
   4.8000999999999998E+01   5.9456694247354109E+00
   4.9000999999999998E+01   5.9285602178981014E+00
   5.0000999999999998E+01   5.9130743596121400E+00
   5.1000999999999998E+01   5.8991170203236818E+00
   5.2000999999999998E+01   5.8866005505448236E+00
   5.3000999999999998E+01   5.8754438133222244E+00
   5.4000999999999998E+01   5.8655715900096279E+00
   5.5000999999999998E+01   5.8569140499835965E+00
   5.6000999999999998E+01   5.8494062765516395E+00
   5.7000999999999998E+01   5.8429878420357841E+00
   5.8000999999999998E+01   5.8376024263488286E+00
   5.9000999999999998E+01   5.8331974738413885E+00
   6.0000999999999998E+01   5.8297238840345935E+00
   6.1000999999999998E+01   5.8271357324135131E+00
   6.2000999999999998E+01   5.8253900178571927E+00
   6.3000999999999998E+01   5.8244464338770614E+00
   6.4001000000000005E+01   5.8242671609908845E+00
   6.5001000000000005E+01   5.8248166780820103E+00
   6.6001000000000005E+01   5.8260615906067326E+00
   6.7001000000000005E+01   5.8279704740780600E+00
   6.8001000000000005E+01   5.8305137311509370E+00
   6.9001000000000005E+01   5.8336634609814118E+00
   7.0001000000000005E+01   5.8373933396619888E+00
   7.1001000000000005E+01   5.8416785106156235E+00
   7.2001000000000005E+01   5.8464954840328724E+00
   7.3001000000000005E+01   5.8518220444546465E+00
   7.4001000000000005E+01   5.8576371657846869E+00
   7.5001000000000005E+01   5.8639209329794024E+00
   7.6001000000000005E+01   5.8706544698787404E+00
   7.7001000000000005E+01   5.8778198725776809E+00
   7.8001000000000005E+01   5.8854001478776246E+00
   7.9001000000000005E+01   5.8933791563252838E+00
   8.0001000000000005E+01   5.9017415595010867E+00
   8.1001000000000005E+01   5.9104727711641418E+00
   8.2001000000000005E+01   5.9195589119086494E+00
   8.3001000000000005E+01   5.9289867670912990E+00
   8.4001000000000005E+01   5.9387437476976688E+00
   8.5001000000000005E+01   5.9488178539592740E+00
   8.6001000000000005E+01   5.9591976414702028E+00
   8.7001000000000005E+01   5.9698721896277016E+00
   8.8001000000000005E+01   5.9808310721786215E+00
   8.9001000000000005E+01   5.9920643297440339E+00
   9.0001000000000005E+01   6.0035624441522604E+00
   9.1001000000000005E+01   6.0153163144414563E+00
   9.2001000000000005E+01   6.0273172344228296E+00
   9.3001000000000005E+01   6.0395568716515555E+00
   9.4001000000000005E+01   6.0520272477468637E+00
   9.5001000000000005E+01   6.0647207199329474E+00
   9.6001000000000005E+01   6.0776299637273690E+00
   9.7001000000000005E+01   6.0907479566732272E+00
   9.8001000000000005E+01   6.1040679630756021E+00
   9.9001000000000005E+01   6.1175835196421895E+00
   1.0000100000000000E+02   6.1312884219801678E+00
   1.1000100000000000E+02   6.2775482265575775E+00
   1.2000100000000000E+02   6.4374314423345451E+00
   1.3000100000000000E+02   6.6075476672682303E+00
   1.4000100000000000E+02   6.7854859290826441E+00
   1.5000100000000000E+02   6.9694889145694461E+00
   1.6000100000000000E+02   7.1582486755426702E+00
   1.7000100000000000E+02   7.3507741117872465E+00
   1.8000100000000000E+02   7.5463024807726713E+00
   1.9000100000000000E+02   7.7442387978696940E+00
   2.0000100000000000E+02   7.9441134087646699E+00
   2.1000100000000003E+02   8.1455516985616168E+00
   2.2000100000000003E+02   8.3482520863509606E+00
   2.3000100000000003E+02   8.5519697879187078E+00
   2.4000100000000003E+02   8.7565046653359726E+00
   2.5000100000000003E+02   8.9616920185698525E+00
   2.6000100000000003E+02   9.1673955256973940E+00
   2.7000100000000003E+02   9.3735017730448345E+00
   2.8000100000000003E+02   9.5799159760637895E+00
   2.9000100000000003E+02   9.7865586018978714E+00
   3.0000100000000003E+02   9.9933626817211270E+00
   3.1000100000000003E+02   1.0200271655751697E+01
   3.2000100000000003E+02   1.0407237633197555E+01
   3.3000100000000003E+02   1.0614219978086885E+01
   3.4000100000000003E+02   1.0821184152937869E+01
   3.5000100000000003E+02   1.1028100767913205E+01
   3.6000100000000003E+02   1.1234944794809186E+01
   3.7000100000000003E+02   1.1441694914066144E+01
   3.8000100000000003E+02   1.1648332969804228E+01
   3.9000100000000003E+02   1.1854843513007799E+01
   4.0000100000000003E+02   1.2061213417049313E+01
   4.1000100000000003E+02   1.2267431552847288E+01
   4.2000100000000003E+02   1.2473488513438051E+01
   4.3000100000000003E+02   1.2679376379621605E+01
   4.4000100000000003E+02   1.2885088519944299E+01
   4.5000100000000003E+02   1.3090619419449327E+01
   4.6000100000000003E+02   1.3295964532669885E+01
   4.7000100000000003E+02   1.3501120157068241E+01
   4.8000100000000003E+02   1.3706083323815264E+01
   4.9000100000000003E+02   1.3910851703306227E+01
   5.0000100000000003E+02   1.4115423523253279E+01
   5.1000100000000003E+02   1.4319797497513447E+01
   5.2000099999999998E+02   1.4523972764138163E+01
   5.3000099999999998E+02   1.4727948831339814E+01
   5.4000099999999998E+02   1.4931725530281030E+01
   5.5000099999999998E+02   1.5135302973779831E+01
   5.6000099999999998E+02   1.5338681520098470E+01
   5.7000099999999998E+02   1.5541861741178117E+01
   5.8000099999999998E+02   1.5744844394712642E+01
   5.9000099999999998E+02   1.5947630399596049E+01
   6.0000099999999998E+02   1.6150220814286289E+01
   6.1000099999999998E+02   1.6352616817732251E+01
   6.2000099999999998E+02   1.6554819692542026E+01
   6.3000099999999998E+02   1.6756830810128381E+01
   6.4000099999999998E+02   1.6958651617575676E+01
   6.5000099999999998E+02   1.7160283626027404E+01
   6.6000099999999998E+02   1.7361728400418791E+01
   6.7000099999999998E+02   1.7562987550386648E+01
   6.8000099999999998E+02   1.7764062722235483E+01
   6.9000099999999998E+02   1.7964955591813546E+01
   7.0000099999999998E+02   1.8165667858218526E+01
   7.1000099999999998E+02   1.8366201238214771E+01
   7.2000099999999998E+02   1.8566557461318641E+01
   7.3000099999999998E+02   1.8766738265427996E+01
   7.4000099999999998E+02   1.8966745392982091E+01
   7.5000099999999998E+02   1.9166580587547728E+01
   7.6000099999999998E+02   1.9366245590843082E+01
   7.7000099999999998E+02   1.9565742140088304E+01
   7.8000099999999998E+02   1.9765071965690151E+01
   7.9000099999999998E+02   1.9964236789213839E+01
   8.0000099999999998E+02   2.0163238321594672E+01
   8.1000099999999998E+02   2.0362078261598199E+01
   8.2000099999999998E+02   2.0560758294462111E+01
   8.3000099999999998E+02   2.0759280090739107E+01
   8.4000099999999998E+02   2.0957645305273200E+01
   8.5000099999999998E+02   2.1155855576356213E+01
   8.6000099999999998E+02   2.1353912524988857E+01
   8.7000099999999998E+02   2.1551817754260227E+01
   8.8000099999999998E+02   2.1749572848832315E+01
   8.9000099999999998E+02   2.1947179374526296E+01
   9.0000099999999998E+02   2.2144638877976163E+01
   9.1000099999999998E+02   2.2341952886363213E+01
   9.2000099999999998E+02   2.2539122907209467E+01
   9.3000099999999998E+02   2.2736150428244756E+01
   9.4000099999999998E+02   2.2933036917306250E+01
   9.5000099999999998E+02   2.3129783822296602E+01
   9.6000099999999998E+02   2.3326392571180108E+01
   9.7000099999999998E+02   2.3522864572008061E+01
   9.8000099999999998E+02   2.3719201212990054E+01
   9.9000099999999998E+02   2.3915403862583858E+01
   1.0000010000000000E+03   2.4111473869612912E+01
   1.1000010000000000E+03   2.6065161628204127E+01
   1.2000010000000000E+03   2.8006930182700788E+01
   1.3000010000000000E+03   2.9937836746576622E+01
   1.4000010000000000E+03   3.1858792154401822E+01
   1.5000010000000000E+03   3.3770583982317277E+01
   1.6000010000000000E+03   3.5673896568330186E+01
   1.7000010000000002E+03   3.7569327745660765E+01
   1.8000010000000002E+03   3.9457402629346113E+01
   1.9000010000000002E+03   4.1338584922769108E+01
   2.0000010000000002E+03   4.3213286193285420E+01
   2.1000010000000002E+03   4.5081873504056297E+01
   2.2000010000000002E+03   4.6944675720447520E+01
   2.3000010000000002E+03   4.8801988747308293E+01
   2.4000010000000002E+03   5.0654079901571208E+01
   2.5000010000000002E+03   5.2501191582627882E+01
   2.6000010000000002E+03   5.4343544369765382E+01
   2.7000010000000002E+03   5.6181339649774927E+01
   2.8000010000000002E+03   5.8014761857193733E+01
   2.9000010000000002E+03   5.9843980393589540E+01
   3.0000010000000002E+03   6.1669151279472317E+01
   3.1000010000000002E+03   6.3490418582379696E+01
   3.2000010000000002E+03   6.5307915656657556E+01
   3.3000010000000002E+03   6.7121766224116811E+01
   3.4000010000000002E+03   6.8932085319556634E+01
   3.5000010000000002E+03   7.0738980121083458E+01
   3.6000010000000002E+03   7.2542550681794737E+01
   3.7000010000000002E+03   7.4342890576654995E+01
   3.8000010000000002E+03   7.6140087476197110E+01
   3.9000010000000002E+03   7.7934223656874593E+01
   4.0000010000000002E+03   7.9725376456328206E+01
   4.1000010000000002E+03   8.1513618680640263E+01
   4.2000010000000002E+03   8.3299018969601264E+01
   4.3000010000000002E+03   8.5081642125109397E+01
   4.4000010000000002E+03   8.6861549407148175E+01
   4.5000010000000002E+03   8.8638798801163574E+01
   4.6000010000000002E+03   9.0413445260112795E+01
   4.7000010000000002E+03   9.2185540924039415E+01
   4.8000010000000002E+03   9.3955135319715453E+01
   4.9000010000000002E+03   9.5722275542448159E+01
   5.0000010000000002E+03   9.7487006421980425E+01
   5.1000010000000002E+03   9.9249370674169242E+01
   5.2000010000000002E+03   1.0100940903987355E+02
   5.3000010000000002E+03   1.0276716041232966E+02
   5.4000010000000002E+03   1.0452266195420788E+02
   5.5000010000000002E+03   1.0627594920530358E+02
   5.6000010000000002E+03   1.0802705618176036E+02
   5.7000010000000002E+03   1.0977601546767852E+02
   5.8000010000000002E+03   1.1152285829973940E+02
   5.9000010000000002E+03   1.1326761464551228E+02
   6.0000010000000002E+03   1.1501031327604458E+02
   6.1000010000000002E+03   1.1675098183317272E+02
   6.2000010000000002E+03   1.1848964689205424E+02
   6.3000010000000002E+03   1.2022633401933943E+02
   6.4000010000000002E+03   1.2196106782729993E+02
   6.5000010000000002E+03   1.2369387202430306E+02
   6.6000010000000011E+03   1.2542476946190052E+02
   6.7000010000000011E+03   1.2715378217880065E+02
   6.8000010000000011E+03   1.2888093144200204E+02
   6.9000010000000011E+03   1.3060623778527426E+02
   7.0000010000000011E+03   1.3232972104521104E+02
   7.1000010000000011E+03   1.3405140039503013E+02
   7.2000010000000011E+03   1.3577129437631072E+02
   7.3000010000000011E+03   1.3748942092879432E+02
   7.4000010000000011E+03   1.3920579741839032E+02
   7.5000010000000011E+03   1.4092044066354708E+02
   7.6000010000000011E+03   1.4263336696008685E+02
   7.7000010000000011E+03   1.4434459210456870E+02
   7.8000010000000011E+03   1.4605413141638871E+02
   7.9000010000000011E+03   1.4776199975859913E+02
   8.0000010000000011E+03   1.4946821155754535E+02
   8.1000010000000011E+03   1.5117278082150423E+02
   8.2000010000000002E+03   1.5287572115825031E+02
   8.3000010000000002E+03   1.5457704579169200E+02
   8.4000010000000002E+03   1.5627676757764266E+02
   8.5000010000000002E+03   1.5797489901878194E+02
   8.6000010000000002E+03   1.5967145227879791E+02
   8.7000010000000002E+03   1.6136643919583869E+02
   8.8000010000000002E+03   1.6305987129529288E+02
   8.9000010000000002E+03   1.6475175980191312E+02
   9.0000010000000002E+03   1.6644211565133060E+02
   9.1000010000000002E+03   1.6813094950104278E+02
   9.2000010000000002E+03   1.6981827174082733E+02
   9.3000010000000002E+03   1.7150409250271559E+02
   9.4000010000000002E+03   1.7318842167040773E+02
   9.5000010000000002E+03   1.7487126888835067E+02
   9.6000010000000002E+03   1.7655264357028898E+02
   9.7000010000000002E+03   1.7823255490753149E+02
   9.8000010000000002E+03   1.7991101187674298E+02
   9.9000010000000002E+03   1.8158802324743854E+02
   1.0000001000000000E+04   1.8326359758916126E+02
   1.1000001000000000E+04   1.9994205955815406E+02
   1.2000001000000000E+04   2.1648498971917482E+02
   1.3000001000000000E+04   2.3289850158686994E+02
   1.4000001000000000E+04   2.4918769185061169E+02
   1.5000001000000000E+04   2.6535688617515910E+02
   1.6000001000000000E+04   2.8140981308220819E+02
   1.7000001000000000E+04   2.9734973008033245E+02
   1.8000001000000000E+04   3.1317951716210587E+02
   1.9000001000000000E+04   3.2890174743675709E+02
   2.0000001000000000E+04   3.4451874138759308E+02
   2.1000001000000000E+04   3.6003260917343181E+02
   2.2000001000000000E+04   3.7544528404863388E+02
   2.3000001000000000E+04   3.9075854908383440E+02
   2.4000001000000000E+04   4.0597405876226316E+02
   2.5000001000000000E+04   4.2109335660704158E+02
   2.6000001000000000E+04   4.3611788969861749E+02
   2.7000001000000000E+04   4.5104902073015387E+02
   2.8000001000000000E+04   4.6588803809500439E+02
   2.9000001000000000E+04   4.8063616438692765E+02
   3.0000001000000000E+04   4.9529456360973728E+02
   3.1000001000000000E+04   5.0986434732967558E+02
   3.2000001000000000E+04   5.2434657995565408E+02
   3.3000001000000004E+04   5.3874228329477057E+02
   3.4000001000000004E+04   5.5305244050285808E+02
   3.5000001000000004E+04   5.6727799952540454E+02
   3.6000001000000004E+04   5.8141987610970102E+02
   3.7000001000000004E+04   5.9547895645080052E+02
   3.8000001000000004E+04   6.0945609952661903E+02
   3.9000001000000004E+04   6.2335213916534428E+02
   4.0000001000000004E+04   6.3716788588353211E+02
   4.1000001000000004E+04   6.5090412852462532E+02
   4.2000001000000004E+04   6.6456163572567550E+02
   4.3000001000000004E+04   6.7814115723348186E+02
   4.4000001000000004E+04   6.9164342508926120E+02
   4.5000001000000004E+04   7.0506915469833814E+02
   4.6000001000000004E+04   7.1841904579918673E+02
   4.7000001000000004E+04   7.3169378334157773E+02
   4.8000001000000004E+04   7.4489403828708987E+02
   4.9000001000000004E+04   7.5802046833907923E+02
   5.0000001000000004E+04   7.7107371860928038E+02
   5.1000001000000004E+04   7.8405442223010334E+02
   5.2000001000000004E+04   7.9696320091633743E+02
   5.3000001000000004E+04   8.0980066548174420E+02
   5.4000001000000004E+04   8.2256741631715261E+02
   5.5000001000000004E+04   8.3526404383036368E+02
   5.6000001000000004E+04   8.4789112885520638E+02
   5.7000001000000004E+04   8.6044924302987317E+02
   5.8000001000000004E+04   8.7293894914950567E+02
   5.9000001000000004E+04   8.8536080149435395E+02
   6.0000001000000004E+04   8.9771534613474205E+02
   6.1000001000000004E+04   9.1000312121762090E+02
   6.2000001000000004E+04   9.2222465723483890E+02
   6.3000001000000004E+04   9.3438047727166952E+02
   6.4000001000000004E+04   9.4647109724496818E+02
   6.5000001000000004E+04   9.5849702612228157E+02
   6.6000001000000004E+04   9.7045876613153018E+02
   6.7000001000000004E+04   9.8235681295750715E+02
   6.8000001000000004E+04   9.9419165592661000E+02
   6.9000001000000004E+04   1.0059637781834916E+03
   7.0000001000000004E+04   1.0176736568562731E+03
   7.1000001000000004E+04   1.0293217632147928E+03
   7.2000001000000004E+04   1.0409085628194789E+03
   7.3000001000000004E+04   1.0524345156638835E+03
   7.4000001000000004E+04   1.0639000763098657E+03
   7.5000001000000004E+04   1.0753056940153801E+03
   7.6000001000000004E+04   1.0866518128588334E+03
   7.7000001000000004E+04   1.0979388718554981E+03
   7.8000001000000004E+04   1.1091673050690163E+03
   7.9000001000000004E+04   1.1203375417193511E+03
   8.0000001000000004E+04   1.1314500062850457E+03
   8.1000001000000004E+04   1.1425051186022613E+03
   8.2000001000000004E+04   1.1535032939572141E+03
   8.3000001000000004E+04   1.1644449431787004E+03
   8.4000001000000004E+04   1.1753304727249679E+03
   8.5000001000000004E+04   1.1861602847662580E+03
   8.6000001000000004E+04   1.1969347772665787E+03
   8.7000001000000004E+04   1.2076543440605776E+03
   8.8000001000000004E+04   1.2183193749296804E+03
   8.9000001000000004E+04   1.2289302556727703E+03
   9.0000001000000004E+04   1.2394873681772426E+03
   9.1000001000000004E+04   1.2499910904867129E+03
   9.2000001000000004E+04   1.2604417968645903E+03
   9.3000001000000004E+04   1.2708398578584008E+03
   9.4000001000000004E+04   1.2811856403619597E+03
   9.5000001000000004E+04   1.2914795076721850E+03
   9.6000001000000004E+04   1.3017218195488972E+03
   9.7000001000000004E+04   1.3119129322699066E+03
   9.8000001000000004E+04   1.3220531986832509E+03
   9.9000001000000004E+04   1.3321429682635180E+03
   1.0000000100000000E+05   1.3421825871591454E+03
   1.1000000100000000E+05   1.4398943599266156E+03
   1.2000000100000000E+05   1.5329489023480498E+03
   1.3000000100000000E+05   1.6216442346767844E+03
   1.4000000099999999E+05   1.7062535729439119E+03
   1.5000000099999999E+05   1.7870281030527672E+03
   1.6000000099999999E+05   1.8641993052302057E+03
   1.7000000099999999E+05   1.9379809366344725E+03
   1.8000000099999999E+05   2.0085707450998734E+03
   1.9000000099999999E+05   2.0761519656468713E+03
   2.0000000099999999E+05   2.1408946377537950E+03
   2.1000000099999999E+05   2.2029567722246475E+03
   2.2000000099999999E+05   2.2624853901595111E+03
   2.3000000099999999E+05   2.3196174520397662E+03
   2.4000000099999999E+05   2.3744806915347467E+03
   2.5000000099999999E+05   2.4271943661648584E+03
   2.6000000099999999E+05   2.4778699349158051E+03
   2.7000000099999999E+05   2.5266116714263053E+03
   2.8000000099999999E+05   2.5735172200668326E+03
   2.9000000099999999E+05   2.6186781012263705E+03
   3.0000000099999999E+05   2.6621801712482757E+03
   3.1000000099999999E+05   2.7041040418534080E+03
   3.2000000099999999E+05   2.7445254631417088E+03
   3.3000000099999999E+05   2.7835156738813480E+03
   3.4000000099999999E+05   2.8211417223453427E+03
   3.5000000099999999E+05   2.8574667605162676E+03
   3.6000000099999999E+05   2.8925503142021516E+03
   3.7000000099999999E+05   2.9264485313802825E+03
   3.8000000099999999E+05   2.9592144107559893E+03
   3.9000000099999999E+05   2.9908980122961793E+03
   4.0000000099999999E+05   3.0215466514716632E+03
   4.1000000099999999E+05   3.0512050785445599E+03
   4.2000000099999999E+05   3.0799156442589765E+03
   4.3000000099999999E+05   3.1077184531414123E+03
   4.4000000099999999E+05   3.1346515054039751E+03
   4.5000000099999999E+05   3.1607508284663904E+03
   4.6000000099999999E+05   3.1860505989694884E+03
   4.7000000099999999E+05   3.2105832559721675E+03
   4.8000000099999999E+05   3.2343796061927605E+03
   4.9000000099999999E+05   3.2574689218323556E+03
   5.0000000099999999E+05   3.2798790315947531E+03
   5.1000000099999999E+05   3.3016364054718224E+03
   5.2000000099999999E+05   3.3227662337322085E+03
   5.3000000099999993E+05   3.3432925006252176E+03
   5.4000000099999993E+05   3.3632380531338431E+03
   5.5000000099999993E+05   3.3826246652117529E+03
   5.6000000099999993E+05   3.4014730977797317E+03
   5.7000000099999993E+05   3.4198031548974182E+03
   5.8000000099999993E+05   3.4376337362602367E+03
   5.9000000099999993E+05   3.4549828864024103E+03
   6.0000000099999993E+05   3.4718678407952261E+03
   6.1000000099999993E+05   3.4883050690621299E+03
   6.2000000099999993E+05   3.5043103154679206E+03
   6.3000000099999993E+05   3.5198986370662924E+03
   6.4000000099999993E+05   3.5350844393306829E+03
   6.5000000099999993E+05   3.5498815098406390E+03
   6.6000000099999993E+05   3.5643030497942318E+03
   6.7000000099999993E+05   3.5783617037665113E+03
   6.8000000099999993E+05   3.5920695876482719E+03
   6.9000000099999993E+05   3.6054383149630821E+03
   7.0000000099999993E+05   3.6184790217819955E+03
   7.1000000099999993E+05   3.6312023899861524E+03
   7.2000000099999993E+05   3.6436186694572298E+03
   7.3000000099999993E+05   3.6557376988481710E+03
   7.4000000099999993E+05   3.6675689252171064E+03
   7.5000000099999993E+05   3.6791214226993920E+03
   7.6000000099999993E+05   3.6904039099434058E+03
   7.7000000099999993E+05   3.7014247668052681E+03
   7.8000000099999993E+05   3.7121920499781013E+03
   7.9000000099999993E+05   3.7227135078746555E+03
   8.0000000099999993E+05   3.7329965947257551E+03
   8.1000000099999993E+05   3.7430484838069469E+03
   8.2000000099999993E+05   3.7528760801777926E+03
   8.3000000099999993E+05   3.7624860325594591E+03
   8.4000000099999993E+05   3.7718847446836871E+03
   8.5000000099999993E+05   3.7810783861115574E+03
   8.6000000099999993E+05   3.7900729023851100E+03
   8.7000000099999993E+05   3.7988740247882606E+03
   8.8000000099999993E+05   3.8074872795317760E+03
   8.9000000099999993E+05   3.8159179964588880E+03
   9.0000000099999993E+05   3.8241713174217989E+03
   9.1000000099999993E+05   3.8322522042026271E+03
   9.2000000099999993E+05   3.8401654459931178E+03
   9.3000000099999993E+05   3.8479156665464006E+03
   9.4000000099999993E+05   3.8555073311058359E+03
   9.5000000099999993E+05   3.8629447527031748E+03
   9.6000000099999993E+05   3.8702320985182482E+03
   9.7000000099999993E+05   3.8773733956743254E+03
   9.8000000099999993E+05   3.8843725368788623E+03
   9.9000000099999993E+05   3.8912332857819338E+03
   1.0000000009999999E+06   3.8979592820906119E+03
   1.1000000009999999E+06   3.9585290780604391E+03
   1.2000000009999999E+06   4.0088693681099649E+03
   1.3000000009999999E+06   4.0511683830914599E+03
   1.4000000009999999E+06   4.0870582256111657E+03
   1.5000000009999999E+06   4.1177763675756978E+03
   1.6000000009999999E+06   4.1442749422012766E+03
   1.7000000009999997E+06   4.1672962696734940E+03
   1.8000000009999997E+06   4.1874260371888931E+03
   1.9000000009999997E+06   4.2051313844265924E+03
   2.0000000009999997E+06   4.2207886015877766E+03
   2.1000000009999997E+06   4.2347035565019642E+03
   2.2000000009999997E+06   4.2471269547325101E+03
   2.3000000009999997E+06   4.2582658737543406E+03
   2.4000000009999997E+06   4.2682925771877890E+03
   2.5000000009999997E+06   4.2773513171786544E+03
   2.6000000009999997E+06   4.2855636348717044E+03
   2.7000000009999997E+06   4.2930325257944078E+03
   2.8000000009999997E+06   4.2998457383903451E+03
   2.9000000009999997E+06   4.3060784094669052E+03
   3.0000000009999997E+06   4.3117951807155323E+03
   3.1000000009999997E+06   4.3170519132237769E+03
   3.2000000009999997E+06   4.3218970826282439E+03
   3.3000000009999997E+06   4.3263729223364908E+03
   3.4000000009999997E+06   4.3305163661511942E+03
   3.5000000009999997E+06   4.3343598271496385E+03
   3.6000000009999997E+06   4.3379318478218365E+03
   3.7000000009999997E+06   4.3412576422755265E+03
   3.8000000009999997E+06   4.3443595519545725E+03
   3.9000000009999997E+06   4.3472574312780671E+03
   4.0000000009999997E+06   4.3499689724017944E+03
   4.1000000009999997E+06   4.3525099825881789E+03
   4.2000000010000002E+06   4.3548946211470820E+03
   4.3000000010000002E+06   4.3571356004634044E+03
   4.4000000010000002E+06   4.3592443625620190E+03
   4.5000000010000002E+06   4.3612312256710911E+03
   4.6000000010000002E+06   4.3631055176276423E+03
   4.7000000010000002E+06   4.3648756861126903E+03
   4.8000000010000002E+06   4.3665493971798405E+03
   4.9000000010000002E+06   4.3681336196600469E+03
   5.0000000010000002E+06   4.3696347031128917E+03
   5.1000000010000002E+06   4.3710584392855144E+03
   5.2000000010000002E+06   4.3724101218930955E+03
   5.3000000010000002E+06   4.3736945975258104E+03
   5.4000000010000002E+06   4.3749163088175228E+03
   5.5000000010000002E+06   4.3760793366475218E+03
   5.6000000010000002E+06   4.3771874329083976E+03
   5.7000000010000002E+06   4.3782440517855111E+03
   5.8000000010000002E+06   4.3792523801053003E+03
   5.9000000010000002E+06   4.3802153596503895E+03
   6.0000000010000002E+06   4.3811357102701713E+03
   6.1000000010000002E+06   4.3820159500910922E+03
   6.2000000010000002E+06   4.3828584121768208E+03
   6.3000000010000002E+06   4.3836652616237570E+03
   6.4000000010000002E+06   4.3844385094689123E+03
   6.5000000010000002E+06   4.3851800259526372E+03
   6.6000000010000002E+06   4.3858915530640170E+03
   6.7000000010000002E+06   4.3865747127467948E+03
   6.8000000009999992E+06   4.3872310179750857E+03
   6.9000000009999992E+06   4.3878618833731989E+03
   7.0000000009999992E+06   4.3884686281662252E+03
   7.1000000009999992E+06   4.3890524879723944E+03
   7.2000000009999992E+06   4.3896146207397405E+03
   7.3000000009999992E+06   4.3901561101458510E+03
   7.4000000009999992E+06   4.3906779738032646E+03
   7.5000000009999992E+06   4.3911811647935074E+03
   7.6000000009999992E+06   4.3916665807463232E+03
   7.7000000009999992E+06   4.3921350647863828E+03
   7.8000000009999992E+06   4.3925874103937222E+03
   7.9000000009999992E+06   4.3930243654222795E+03
   8.0000000009999992E+06   4.3934466319557150E+03
   8.1000000009999992E+06   4.3938548751106218E+03
   8.2000000009999992E+06   4.3942497213206043E+03
   8.3000000009999992E+06   4.3946317634042553E+03
   8.4000000009999983E+06   4.3950015578493067E+03
   8.5000000009999983E+06   4.3953596343141253E+03
   8.6000000009999983E+06   4.3957064936636170E+03
   8.7000000009999983E+06   4.3960426096782894E+03
   8.8000000009999983E+06   4.3963684296268257E+03
   8.9000000009999983E+06   4.3966843789845907E+03
   9.0000000009999983E+06   4.3969908615022023E+03
   9.1000000009999983E+06   4.3972882603121889E+03
   9.2000000009999983E+06   4.3975769388638028E+03
   9.3000000009999983E+06   4.3978572414956088E+03
   9.4000000009999983E+06   4.3981294963460814E+03
   9.5000000009999983E+06   4.3983940153847798E+03
   9.6000000009999983E+06   4.3986510967810591E+03
   9.7000000009999983E+06   4.3989010220590999E+03
   9.8000000009999983E+06   4.3991440613411878E+03
   9.9000000009999983E+06   4.3993804704905806E+03
   1.0000000000999998E+07   4.3996104950314302E+03
   1.1000000000999998E+07   4.4016060508965302E+03
   1.2000000000999998E+07   4.4031644485386560E+03
   1.3000000000999998E+07   4.4044070534192597E+03
   1.4000000000999998E+07   4.4054155298007536E+03
   1.5000000000999998E+07   4.4062465398208051E+03
   1.6000000000999998E+07   4.4069404265092362E+03
   1.7000000000999998E+07   4.4075265710618887E+03
   1.8000000000999998E+07   4.4080268033262018E+03
   1.9000000000999998E+07   4.4084576292490519E+03
   2.0000000000999998E+07   4.4088317247413306E+03
   2.1000000000999998E+07   4.4091589504682288E+03
   2.2000000000999998E+07   4.4094470978091540E+03
   2.3000000000999998E+07   4.4097023778979583E+03
   2.4000000000999998E+07   4.4099297887809762E+03
   2.5000000000999998E+07   4.4101334170532455E+03
   2.6000000000999998E+07   4.4103165790557305E+03
   2.7000000000999998E+07   4.4104820674377197E+03
   2.8000000000999998E+07   4.4106321669020972E+03
   2.9000000000999998E+07   4.4107688096695474E+03
   3.0000000000999998E+07   4.4108936522224358E+03
   3.1000000000999998E+07   4.4110080689231609E+03
   3.2000000000999998E+07   4.4111132392970476E+03
   3.3000000000999998E+07   4.4112102000752820E+03
   3.4000000001000002E+07   4.4112997993459921E+03
   3.5000000001000002E+07   4.4113828265211005E+03
   3.6000000001000002E+07   4.4114599367508717E+03
   3.7000000001000002E+07   4.4115317237173276E+03
   3.8000000001000002E+07   4.4115986681509248E+03
   3.9000000001000002E+07   4.4116612151588934E+03
   4.0000000001000002E+07   4.4117198152431629E+03
   4.1000000001000002E+07   4.4117747558225674E+03
   4.2000000001000002E+07   4.4118263656132931E+03
   4.3000000001000002E+07   4.4118749436413873E+03
   4.4000000001000002E+07   4.4119207573668418E+03
   4.5000000001000002E+07   4.4119639799525448E+03
   4.6000000001000002E+07   4.4120047972914635E+03
   4.7000000001000002E+07   4.4120434816949237E+03
   4.8000000001000002E+07   4.4120800963060283E+03
   4.9000000001000002E+07   4.4121148745050514E+03
   5.0000000001000002E+07   4.4121479043086511E+03
   5.1000000001000002E+07   4.4121792894627988E+03
   5.2000000001000002E+07   4.4122092094471700E+03
   5.3000000001000002E+07   4.4122376866837167E+03
   5.4000000001000002E+07   4.4122648381097761E+03
   5.5000000001000002E+07   4.4122907941644380E+03
   5.6000000001000002E+07   4.4123156227202971E+03
   5.7000000001000002E+07   4.4123393070868206E+03
   5.8000000001000002E+07   4.4123620395831003E+03
   5.9000000001000002E+07   4.4123837580992704E+03
   6.0000000001000002E+07   4.4124046236105278E+03
   6.1000000001000002E+07   4.4124246757900728E+03
   6.2000000001000002E+07   4.4124438761369311E+03
   6.3000000001000002E+07   4.4124623808857114E+03
   6.4000000001000002E+07   4.4124801436577636E+03
   6.5000000001000002E+07   4.4124972126443172E+03
   6.6000000001000002E+07   4.4125137139569833E+03
   6.7000000001000002E+07   4.4125295642176334E+03
   6.8000000001000002E+07   4.4125448123142887E+03
   6.9000000001000002E+07   4.4125596069702815E+03
   7.0000000001000002E+07   4.4125738177134845E+03
   7.1000000001000002E+07   4.4125876000325707E+03
   7.2000000001000002E+07   4.4126009060473762E+03
   7.3000000001000002E+07   4.4126137648676158E+03
   7.4000000001000002E+07   4.4126261602840304E+03
   7.5000000001000002E+07   4.4126381843905210E+03
   7.6000000001000002E+07   4.4126498726965447E+03
   7.7000000001000002E+07   4.4126610658727668E+03
   7.8000000001000002E+07   4.4126720217978755E+03
   7.9000000001000002E+07   4.4126826693386301E+03
   8.0000000001000002E+07   4.4126928956258462E+03
   8.1000000001000002E+07   4.4127028860036917E+03
   8.2000000001000002E+07   4.4127125354279178E+03
   8.3000000001000002E+07   4.4127219276251180E+03
   8.4000000001000002E+07   4.4127311092594582E+03
   8.5000000001000002E+07   4.4127399915391688E+03
   8.6000000001000002E+07   4.4127486538123721E+03
   8.7000000001000002E+07   4.4127570036974839E+03
   8.8000000001000002E+07   4.4127652185087745E+03
   8.9000000001000002E+07   4.4127731493139081E+03
   9.0000000001000002E+07   4.4127809209503102E+03
   9.1000000001000002E+07   4.4127884767481664E+03
   9.2000000001000002E+07   4.4127957095270158E+03
   9.3000000001000002E+07   4.4128028521869765E+03
   9.4000000001000002E+07   4.4128098633904410E+03
   9.5000000001000002E+07   4.4128167302117827E+03
   9.6000000001000002E+07   4.4128233229218322E+03
   9.7000000001000002E+07   4.4128298154823924E+03
   9.8000000001000002E+07   4.4128361825683014E+03
   9.9000000001000002E+07   4.4128422453829544E+03
   1.0000000000100000E+08   4.4128483550560077E+03
   1.1000000000100000E+08   4.4129014106714758E+03
   1.2000000000100000E+08   4.4129444777281442E+03
   1.3000000000100000E+08   4.4129797674952906E+03
   1.4000000000099999E+08   4.4130094754219654E+03
   1.5000000000099999E+08   4.4130346438149954E+03
   1.6000000000099999E+08   4.4130565318962099E+03
   1.7000000000099999E+08   4.4130749725148689E+03
   1.8000000000099999E+08   4.4130914828827736E+03
   1.9000000000099999E+08   4.4131062917357249E+03
   2.0000000000099999E+08   4.4131191159036462E+03
   2.1000000000099999E+08   4.4131308730967412E+03
   2.2000000000100002E+08   4.4131407512740861E+03
   2.3000000000100002E+08   4.4131499687094120E+03
   2.4000000000100002E+08   4.4131587439790128E+03
   2.5000000000100002E+08   4.4131663095767690E+03
   2.6000000000100002E+08   4.4131737210806605E+03
   2.7000000000100005E+08   4.4131808454901156E+03
   2.8000000000100005E+08   4.4131870477422817E+03
   2.9000000000100005E+08   4.4131920121059293E+03
   3.0000000000100005E+08   4.4131970439909583E+03
   3.1000000000100005E+08   4.4132013389087206E+03
   3.2000000000100005E+08   4.4132073550420027E+03
   3.3000000000100005E+08   4.4132107137305256E+03
   3.4000000000100005E+08   4.4132140878824584E+03
   3.5000000000100005E+08   4.4132176772119292E+03
   3.6000000000100005E+08   4.4132210528114829E+03
   3.7000000000100005E+08   4.4132242853696489E+03
   3.8000000000100005E+08   4.4132292633183033E+03
   3.9000000000100005E+08   4.4132318227280048E+03
   4.0000000000100005E+08   4.4132350326699816E+03
   4.1000000000100005E+08   4.4132363140042098E+03
   4.2000000000100005E+08   4.4132403400815629E+03
   4.3000000000100005E+08   4.4132425614355143E+03
   4.4000000000100005E+08   4.4132432807213718E+03
   4.5000000000100005E+08   4.4132449514402788E+03
   4.6000000000100005E+08   4.4132478805954152E+03
   4.7000000000100005E+08   4.4132484102661238E+03
   4.8000000000100005E+08   4.4132524398476708E+03
   4.9000000000100005E+08   4.4132546648084817E+03
   5.0000000000100005E+08   4.4132547311434409E+03
   5.1000000000100005E+08   4.4132587609600896E+03
   5.2000000000100005E+08   4.4132572135277778E+03
   5.3000000000100005E+08   4.4132597741965446E+03
   5.4000000000100005E+08   4.4132614107671352E+03
   5.5000000000100005E+08   4.4132629132731663E+03
   5.6000000000100005E+08   4.4132646886648890E+03
   5.7000000000100005E+08   4.4132633260908106E+03
   5.8000000000100005E+08   4.4132684397882840E+03
   5.9000000000100005E+08   4.4132656790619039E+03
   6.0000000000100005E+08   4.4132707107951010E+03
   6.1000000000100005E+08   4.4132729071533831E+03
   6.2000000000100005E+08   4.4132729106795450E+03
   6.3000000000100005E+08   4.4132695057027058E+03
   6.4000000000100005E+08   4.4132765388034495E+03
   6.5000000000100005E+08   4.4132739127462928E+03
   6.6000000000100005E+08   4.4132763178887008E+03
   6.7000000000100005E+08   4.4132761640858125E+03
   6.8000000000100005E+08   4.4132804673976407E+03
   6.9000000000100005E+08   4.4132770305837412E+03
   7.0000000000100005E+08   4.4132818031838124E+03
   7.1000000000100005E+08   4.4132797273405104E+03
   7.2000000000100005E+08   4.4132813061232318E+03
   7.3000000000100005E+08   4.4132849298803803E+03
   7.4000000000100005E+08   4.4132858250622394E+03
   7.5000000000100005E+08   4.4132865054843378E+03
   7.6000000000100005E+08   4.4132805527670298E+03
   7.7000000000100005E+08   4.4132818703918501E+03
   7.8000000000100005E+08   4.4132891380384754E+03
   7.9000000000100005E+08   4.4132850389528530E+03
   8.0000000000100005E+08   4.4132874953866849E+03
   8.1000000000100005E+08   4.4132913431971865E+03
   8.2000000000100005E+08   4.4132882500949881E+03
   8.3000000000100005E+08   4.4132897969819924E+03
   8.4000000000100005E+08   4.4132849498317701E+03
   8.5000000000100005E+08   4.4132851947197551E+03
   8.6000000000100005E+08   4.4132920007468465E+03
   8.7000000000100005E+08   4.4132963234950739E+03
   8.8000000000100005E+08   4.4132907412139230E+03
   8.9000000000100005E+08   4.4132961651943051E+03
   9.0000000000100005E+08   4.4132866773403521E+03
   9.1000000000100005E+08   4.4132925479938012E+03
   9.2000000000100005E+08   4.4132970767341667E+03
   9.3000000000100005E+08   4.4132880114683176E+03
   9.4000000000100005E+08   4.4132875008794399E+03
   9.5000000000100005E+08   4.4132975685633601E+03
   9.6000000000100005E+08   4.4132983341179424E+03
   9.7000000000100005E+08   4.4132920241265983E+03
   9.8000000000100005E+08   4.4132902566823677E+03
   9.9000000000100005E+08   4.4132993887717430E+03
   1.0000000000010000E+09   4.4133040136310565E+03
   1.1000000000009999E+09   4.4132916761869237E+03
   1.2000000000009999E+09   4.4133035672939877E+03
   1.3000000000009999E+09   4.4132958608287909E+03
   1.4000000000009999E+09   4.4133020435820063E+03
   1.5000000000009999E+09   4.4132948320949063E+03
   1.6000000000009999E+09   4.4133251741861368E+03
   1.7000000000009999E+09   4.4133034131847298E+03
   1.8000000000010002E+09   4.4133400668003878E+03
   1.9000000000010002E+09   4.4133045493273266E+03
   2.0000000000010002E+09   4.4133446303014352E+03
   2.1000000000010002E+09   4.4133526255721745E+03
   2.2000000000010004E+09   4.4133491983127606E+03
   2.3000000000010004E+09   4.4133186389360453E+03
   2.4000000000010004E+09   4.4133228231498970E+03
   2.5000000000010004E+09   4.4133166475470116E+03
   2.6000000000010004E+09   4.4133214284142441E+03
   2.7000000000010004E+09   4.4133087717457902E+03
   2.8000000000010004E+09   4.4132859920625242E+03
   2.9000000000010004E+09   4.4133343907944809E+03
   3.0000000000010004E+09   4.4132924999411916E+03
   3.1000000000010004E+09   4.4133398122933413E+03
   3.2000000000010004E+09   4.4132902885362473E+03
   3.3000000000010004E+09   4.4133153448145777E+03
   3.4000000000010004E+09   4.4132464164950215E+03
   3.5000000000010004E+09   4.4133622950482204E+03
   3.6000000000010004E+09   4.4133522346896698E+03
   3.7000000000010004E+09   4.4133234977165503E+03
   3.8000000000010004E+09   4.4132921823167580E+03
   3.9000000000010004E+09   4.4132105395391900E+03
   4.0000000000010004E+09   4.4132582074051843E+03
   4.1000000000010004E+09   4.4133983489469174E+03
   4.2000000000010004E+09   4.4133547409075900E+03
   4.3000000000010004E+09   4.4131903505896089E+03
   4.4000000000010004E+09   4.4134261757448276E+03
   4.5000000000010004E+09   4.4131938520243993E+03
   4.6000000000010004E+09   4.4133706695695855E+03
   4.7000000000010004E+09   4.4134185282168182E+03
   4.8000000000010004E+09   4.4133200068608376E+03
   4.9000000000010004E+09   4.4133288826182743E+03
   5.0000000000010004E+09   4.4132277875280170E+03
   5.1000000000010004E+09   4.4135090198659491E+03
   5.2000000000010004E+09   4.4133334833759227E+03
   5.3000000000010004E+09   4.4134683282990454E+03
   5.4000000000010004E+09   4.4133034171865038E+03
   5.5000000000010004E+09   4.4135358538531291E+03
   5.6000000000010004E+09   4.4133730925280488E+03
   5.7000000000010004E+09   4.4134245786227120E+03
   5.8000000000010004E+09   4.4132405293093134E+03
   5.9000000000010004E+09   4.4133828900624376E+03
   6.0000000000010004E+09   4.4132724005462969E+03
   6.1000000000010004E+09   4.4134125839749213E+03
   6.2000000000010004E+09   4.4130811894675153E+03
   6.3000000000010004E+09   4.4133551781454253E+03
   6.4000000000010004E+09   4.4134180571015067E+03
   6.5000000000010004E+09   4.4129951282379971E+03
   6.6000000000010004E+09   4.4131632772874282E+03
   6.7000000000010004E+09   4.4136427396954414E+03
   6.8000000000010004E+09   4.4133350169822561E+03
   6.9000000000010014E+09   4.4133017936101678E+03
   7.0000000000010014E+09   4.4131161806863083E+03
   7.1000000000010014E+09   4.4130955118690872E+03
   7.2000000000010014E+09   4.4135685515903933E+03
   7.3000000000010014E+09   4.4131478697571429E+03
   7.4000000000010014E+09   4.4129369032841669E+03
   7.5000000000010014E+09   4.4132318405265823E+03
   7.6000000000010014E+09   4.4134030245628201E+03
   7.7000000000010014E+09   4.4136951299753864E+03
   7.8000000000010014E+09   4.4133743882687713E+03
   7.9000000000010014E+09   4.4136429955746007E+03
   8.0000000000010014E+09   4.4137346864305309E+03
   8.1000000000010014E+09   4.4138545079267287E+03
   8.2000000000010014E+09   4.4131213927967174E+03
   8.3000000000010014E+09   4.4127959700337815E+03
   8.4000000000010014E+09   4.4131045275125907E+03
   8.5000000000010014E+09   4.4131084170501372E+03
   8.6000000000010014E+09   4.4129667470974427E+03
   8.7000000000010014E+09   4.4128448529789821E+03
   8.8000000000010014E+09   4.4129141868513734E+03
   8.9000000000010014E+09   4.4133507604756796E+03
   9.0000000000010014E+09   4.4130217586698873E+03
   9.1000000000010014E+09   4.4133743485922059E+03
   9.2000000000010014E+09   4.4132242507690125E+03
   9.3000000000010014E+09   4.4126828353823203E+03
   9.4000000000010014E+09   4.4132981635293609E+03
   9.5000000000010014E+09   4.4138121734240631E+03
   9.6000000000010014E+09   4.4128506913736555E+03
   9.7000000000010014E+09   4.4135018061098854E+03
   9.8000000000010014E+09   4.4128686398222808E+03
   9.9000000000010014E+09   4.4125816125581250E+03
   1.0000000000001001E+10   4.4127767227534032E+03
