#Energy(eV) Valence Total
   1.0000000000000000E+00   1.0000000000000000E+30   1.0000000000000000E+30
   2.0000000000000000E+00   3.4529873448987863E+04   3.4529873448987863E+04
   3.0000000000000000E+00   1.4817127297200956E+04   1.4817127297200956E+04
   4.0000000000000000E+00   7.9270244688874782E+03   7.9270244688874782E+03
   5.0000000000000000E+00   4.7481585790046256E+03   4.7481585790046256E+03
   6.0000000000000000E+00   3.0322605195548226E+03   3.0322605195548226E+03
   7.0000000000000000E+00   2.0089781471962585E+03   2.0089781471962585E+03
   8.0000000000000000E+00   1.3565264365361536E+03   1.3565264365361536E+03
   8.1490000000000009E+00   1.2804223969852862E+03   1.2804223969852862E+03
   8.1509999999999998E+00   1.2794312960463681E+03   1.2794312960463681E+03
   9.0000000000000000E+00   9.2117930533037350E+02   9.2117930533037350E+02
   1.0000000000000000E+01   6.2197062357076982E+02   6.2197062357076982E+02
   1.1000000000000000E+01   4.1296468175050535E+02   4.1296468175050535E+02
   1.2000000000000000E+01   2.6652580365927673E+02   2.6652580365927673E+02
   1.3000000000000000E+01   1.6521899743698376E+02   1.6521899743698376E+02
   1.3459000000000000E+01   1.3053605544167755E+02   1.3053605544167755E+02
   1.3460999999999999E+01   1.3039911052301375E+02   1.3039911052301375E+02
   1.4000000000000000E+01   9.7603940966221941E+01   9.7603940966221941E+01
   1.5000000000000000E+01   5.5921527314554432E+01   5.5921527314554432E+01
   1.6000000000000000E+01   3.4758779143410749E+01   3.4758779143410749E+01
   1.7000000000000000E+01   3.0246325371273027E+01   3.0246325371273027E+01
   1.8000000000000000E+01   3.9558797629809256E+01   3.9558797629809256E+01
   1.9000000000000000E+01   6.0594184612047734E+01   6.0594184612047734E+01
   2.0000000000000000E+01   9.1762463923380594E+01   9.1762463923380594E+01
   2.1000000000000000E+01   1.3184293201150663E+02   1.3184293201150663E+02
   2.2000000000000000E+01   1.7988585064741534E+02   1.7988585064741534E+02
   2.3000000000000000E+01   2.3514334838721237E+02   2.3514334838721237E+02
   2.4000000000000000E+01   2.9702003874933774E+02   2.9702003874933774E+02
   2.5000000000000000E+01   3.6503717799553613E+02   3.6503717799553613E+02
   2.6000000000000000E+01   4.3880628026412285E+02   4.3880628026412285E+02
   2.7000000000000000E+01   5.1800944203839890E+02   5.1800944203839890E+02
   2.8000000000000000E+01   6.0238449466241923E+02   6.0238449466241923E+02
   2.9000000000000000E+01   6.9171367691533180E+02   6.9171367691533180E+02
   3.0000000000000000E+01   7.8581490521111812E+02   7.8581490521111812E+02
   3.1000000000000000E+01   8.8453498228308069E+02   8.8453498228308069E+02
   3.2000000000000000E+01   9.8774426757557637E+02   9.8774426757557637E+02
   3.3000000000000000E+01   1.0953324605445127E+03   1.0953324605445127E+03
   3.4000000000000000E+01   1.2072052389854148E+03   1.2072052389854148E+03
   3.5000000000000000E+01   1.3232815598364534E+03   1.3232815598364534E+03
   3.6000000000000000E+01   1.4434914773485502E+03   1.4434914773485502E+03
   3.7000000000000000E+01   1.5677743683169897E+03   1.5677743683169897E+03
   3.8000000000000000E+01   1.6960774798382397E+03   1.6960774798382397E+03
   3.9000000000000000E+01   1.8283547343054408E+03   1.8283547343054408E+03
   4.0000000000000000E+01   1.9645657408558318E+03   1.9645657408558318E+03
   4.1000000000000000E+01   2.1046749734913819E+03   2.1046749734913819E+03
   4.2000000000000000E+01   2.2486510845132511E+03   2.2486510845132511E+03
   4.3000000000000000E+01   2.3964663283956711E+03   2.3964663283956711E+03
   4.4000000000000000E+01   2.5480960762532445E+03   2.5480960762532445E+03
   4.5000000000000000E+01   2.7035184049794875E+03   2.7035184049794875E+03
   4.6000000000000000E+01   2.7820008102829502E+03   2.7820008102829502E+03
   4.7000000000000000E+01   2.8069466720334040E+03   2.8069466720334040E+03
   4.8000000000000000E+01   2.8342828138159020E+03   2.8342828138159020E+03
   4.9000000000000000E+01   2.8641973021836397E+03   2.8641973021836397E+03
   5.0000000000000000E+01   2.8964244951098999E+03   2.8964244951098999E+03
   5.1000000000000000E+01   2.9304865963776647E+03   2.9304865963776647E+03
   5.2000000000000000E+01   2.9679644372317957E+03   2.9679644372317957E+03
   5.3000000000000000E+01   3.0064133007642417E+03   3.0064133007642417E+03
   5.4000000000000000E+01   3.0488115359478211E+03   3.0488115359478211E+03
   5.5000000000000000E+01   3.0926280964130856E+03   3.0926280964130856E+03
   5.6000000000000000E+01   3.1367126267216076E+03   3.1367126267216076E+03
   5.7000000000000000E+01   3.1834575709593146E+03   3.1834575709593146E+03
   5.8000000000000000E+01   3.2322443662169599E+03   3.2322443662169599E+03
   5.9000000000000000E+01   3.2839938481689219E+03   3.2839938481689219E+03
   6.0000000000000000E+01   3.3356706344355766E+03   3.3356706344355766E+03
   6.1000000000000000E+01   3.3886148730466189E+03   3.3886148730466189E+03
   6.2000000000000000E+01   3.4437395018277498E+03   3.4437395018277498E+03
   6.3000000000000000E+01   3.5013129766266161E+03   3.5013129766266161E+03
   6.4000000000000000E+01   3.5608442437923995E+03   3.5608442437923995E+03
   6.5000000000000000E+01   3.6197262797895023E+03   3.6197262797895023E+03
   6.6000000000000000E+01   3.6803337517422101E+03   3.6803337517422101E+03
   6.7000000000000000E+01   3.7428995264415707E+03   3.7428995264415707E+03
   6.8000000000000000E+01   3.8068384260876360E+03   3.8068384260876360E+03
   6.9000000000000000E+01   3.8729997919695029E+03   3.8729997919695029E+03
   7.0000000000000000E+01   3.9416163304018260E+03   3.9416163304018260E+03
   7.1000000000000000E+01   4.0090048402603711E+03   4.0090048402603711E+03
   7.2000000000000000E+01   4.0775280242854665E+03   4.0775280242854665E+03
   7.3000000000000000E+01   4.1472070800908450E+03   4.1472070800908450E+03
   7.4000000000000000E+01   4.2187652767847703E+03   4.2187652767847703E+03
   7.5000000000000000E+01   4.2928480295788277E+03   4.2928480295788277E+03
   7.6000000000000000E+01   4.3671617068573996E+03   4.3671617068573996E+03
   7.7000000000000000E+01   4.4421043935337275E+03   4.4421043935337275E+03
   7.8000000000000000E+01   4.5181527203436863E+03   4.5181527203436863E+03
   7.9000000000000000E+01   4.5939068282972185E+03   4.5939068282972185E+03
   8.0000000000000000E+01   4.6713517282279508E+03   4.6713517282279508E+03
   8.1000000000000000E+01   4.7513193210056234E+03   4.7513193210056234E+03
   8.2000000000000000E+01   4.8321973566144525E+03   4.8321973566144525E+03
   8.3000000000000000E+01   4.9143035387636201E+03   4.9143035387636201E+03
   8.4000000000000000E+01   4.9969128502556323E+03   4.9969128502556323E+03
   8.5000000000000000E+01   5.0784567708496479E+03   5.0784567708496479E+03
   8.6000000000000000E+01   5.1626574650811590E+03   5.1626574650811590E+03
   8.7000000000000000E+01   5.2489310803049211E+03   5.2489310803049211E+03
   8.8000000000000000E+01   5.3373547016876810E+03   5.3373547016876810E+03
   8.9000000000000000E+01   5.4230554417977201E+03   5.4230554417977201E+03
   9.0000000000000000E+01   5.5104380814541164E+03   5.5104380814541164E+03
   9.1000000000000000E+01   5.5986393974152843E+03   5.5986393974152843E+03
   9.2000000000000000E+01   5.6892336856572674E+03   5.6892336856572674E+03
   9.3000000000000000E+01   5.7807642404494509E+03   5.7807642404494509E+03
   9.4000000000000000E+01   5.8736759773422091E+03   5.8736759773422091E+03
   9.5000000000000000E+01   5.9691618624254234E+03   5.9691618624254234E+03
   9.6000000000000000E+01   6.0643506121512946E+03   6.0643506121512946E+03
   9.7000000000000000E+01   6.1596212725802561E+03   6.1596212725802561E+03
   9.8000000000000000E+01   6.2560709033143485E+03   6.2560709033143485E+03
   9.9000000000000000E+01   6.3518334796652362E+03   6.3518334796652362E+03
   1.0000000000000000E+02   6.4496800967915051E+03   6.4496800967915051E+03
   1.0399900000000000E+02   6.8530206755639656E+03   6.8530206755639656E+03
   1.0400100000000000E+02   6.8532242451755055E+03   2.4862713459173174E+03
   1.1000000000000000E+02   7.4908347125796909E+03   5.7591946470840469E+02
   1.2000000000000000E+02   8.6334595941667012E+03   3.7779657838343115E+02
   1.3000000000000000E+02   9.8831919426827208E+03   3.8618381907933264E+02
   1.4000000000000000E+02   1.1234415983835166E+04   4.0066023091169149E+02
   1.5000000000000000E+02   1.2687170253728302E+04   4.2247373277696511E+02
   1.5399900000000000E+02   1.3288219925472124E+04   4.3491133156259480E+02
   1.5400100000000000E+02   1.3288524296361527E+04   3.9366696248639130E+02
   1.6000000000000000E+02   1.4225754156032091E+04   4.1288270019594347E+02
   1.7000000000000000E+02   1.5840977922381549E+04   4.5141443514745066E+02
   1.8000000000000000E+02   1.7548404562769756E+04   4.9491800014216977E+02
   1.9000000000000000E+02   1.9329110098986224E+04   5.4297150266414121E+02
   2.0000000000000000E+02   2.1208164468888102E+04   5.9509290792160664E+02
   2.1000000000000000E+02   2.3163388686004000E+04   6.5231279600542382E+02
   2.2000000000000000E+02   2.5253133372287681E+04   7.1467511949380730E+02
   2.3000000000000000E+02   2.7429351020124686E+04   7.8281091073917241E+02
   2.4000000000000000E+02   2.9718523043059689E+04   8.5548625406607869E+02
   2.5000000000000000E+02   3.2113388084076225E+04   9.3354659341038143E+02
   2.6000000000000000E+02   3.4648202625404650E+04   1.0156989623900706E+03
   2.7000000000000000E+02   3.7274650819344984E+04   1.1033268165773584E+03
   2.8000000000000000E+02   3.9999845726734857E+04   1.1949571832155489E+03
   2.9000000000000000E+02   4.2857904153355834E+04   1.2910939543430798E+03
   3.0000000000000000E+02   4.5850939572240160E+04   1.3934840440037060E+03
   3.1000000000000000E+02   4.8933245417682680E+04   1.5007389538258126E+03
   3.2000000000000000E+02   5.2107961001943193E+04   1.6128145848929989E+03
   3.3000000000000000E+02   5.5410080709340466E+04   1.7311655084435715E+03
   3.4000000000000000E+02   5.8865752309010961E+04   1.8543937340852090E+03
   3.5000000000000000E+02   6.2398392285290167E+04   1.9836028886946344E+03
   3.6000000000000000E+02   6.6076751025026126E+04   2.1193575766502258E+03
   3.7000000000000000E+02   6.9854817975262427E+04   2.2603274334853354E+03
   3.8000000000000000E+02   7.3772985825454642E+04   2.4080445622867501E+03
   3.9000000000000000E+02   7.7765782536001760E+04   2.5607179115192753E+03
   4.0000000000000000E+02   8.1932535219555997E+04   2.7178002074299548E+03
   4.1000000000000000E+02   8.6224919503022160E+04   2.8819299530224985E+03
   4.2000000000000000E+02   9.0571700397297143E+04   3.0551868770245133E+03
   4.3000000000000000E+02   9.5114308385475670E+04   3.2330713089668593E+03
   4.4000000000000000E+02   9.9775266386445888E+04   3.4167158946183022E+03
   4.5000000000000000E+02   1.0452375612384510E+05   3.6060851535227062E+03
   4.6000000000000000E+02   1.0936027187041510E+05   3.8047719473541979E+03
   4.7000000000000000E+02   1.1431503789405810E+05   4.0120476584705752E+03
   4.8000000000000000E+02   1.1946655695668401E+05   4.2238582004187356E+03
   4.9000000000000000E+02   1.2474084326771092E+05   4.4419443104762440E+03
   5.0000000000000000E+02   1.3019608048408892E+05   4.6660633436765356E+03
   5.1000000000000000E+02   1.3579833253038238E+05   4.9006050255951195E+03
   5.2000000000000000E+02   1.4149362534985811E+05   5.1435449271498364E+03
   5.3000000000000000E+02   1.4730051667705417E+05   5.3910118260600166E+03
   5.4000000000000000E+02   1.5325073676617170E+05   5.6495821850914090E+03
   5.5000000000000000E+02   1.5939845177006110E+05   5.9114385319724324E+03
   5.6000000000000000E+02   1.6564271565973817E+05   6.1810408484917843E+03
   5.7000000000000000E+02   1.7215506967447582E+05   6.4607757679818451E+03
   5.8000000000000000E+02   1.7878242903644356E+05   6.7499437558276022E+03
   5.9000000000000000E+02   1.8544903526973011E+05   7.0466889348791701E+03
   6.0000000000000000E+02   1.9240829721186942E+05   7.3507937285217058E+03
   6.1000000000000000E+02   1.9935808882817440E+05   7.6642044553831784E+03
   6.2000000000000000E+02   2.0654269473180373E+05   7.9849746337902952E+03
   6.3000000000000000E+02   2.1389386075846848E+05   8.3107667402173010E+03
   6.4000000000000000E+02   2.2151660877136103E+05   8.6497976037740918E+03
   6.5000000000000000E+02   2.2928582405795515E+05   8.9986082471965037E+03
   6.6000000000000000E+02   2.3721561529929764E+05   9.3578586707810446E+03
   6.7000000000000000E+02   2.4510520431747922E+05   9.7234959458515077E+03
   6.8000000000000000E+02   2.5331848016034861E+05   1.0094133693653932E+04
   6.9000000000000000E+02   2.6159895706505480E+05   1.0481278987565025E+04
   7.0000000000000000E+02   2.7005269428596622E+05   1.0872724380815285E+04
   7.1000000000000000E+02   2.7881680196581408E+05   1.1271221882526983E+04
   7.2000000000000000E+02   2.8770448631135770E+05   1.1679018644306454E+04
   7.3000000000000000E+02   2.9662023146211391E+05   1.2097868087397092E+04
   7.4000000000000000E+02   3.0582844441927539E+05   1.2532207445805028E+04
   7.5000000000000000E+02   3.1536403965904407E+05   1.2971554632344058E+04
   7.6000000000000000E+02   3.2483144074099266E+05   1.3424740343098996E+04
   7.7000000000000000E+02   3.3459142449107516E+05   1.3879749919749955E+04
   7.8000000000000000E+02   3.4444381699579704E+05   1.4354603323835496E+04
   7.9000000000000000E+02   3.5437754437307612E+05   1.4832193003955261E+04
   8.0000000000000000E+02   3.6454418946911400E+05   1.5318835521895928E+04
   8.1000000000000000E+02   3.7493498546351207E+05   1.5818910816515836E+04
   8.2000000000000000E+02   3.8529413528799906E+05   1.6326203031978686E+04
   8.3000000000000000E+02   3.9606072278261534E+05   1.6846834940005119E+04
   8.4000000000000000E+02   4.0682529051676911E+05   1.7383235211334071E+04
   8.5000000000000000E+02   4.1791816041935078E+05   1.7926322285265924E+04
   8.6000000000000000E+02   4.2950518441148032E+05   1.8482606967029838E+04
   8.7000000000000000E+02   4.4084147237108106E+05   1.9043986396092540E+04
   8.8000000000000000E+02   4.5256066830051813E+05   1.9623532651850819E+04
   8.9000000000000000E+02   4.6442978693279246E+05   2.0203326941509495E+04
   9.0000000000000000E+02   4.7650508380431414E+05   2.0798577700716200E+04
   9.1000000000000000E+02   4.8846387012827449E+05   2.1411317598832935E+04
   9.2000000000000000E+02   5.0078810985984054E+05   2.2024939653060501E+04
   9.3000000000000000E+02   5.1343797051716468E+05   2.2657172097477032E+04
   9.4000000000000000E+02   5.2589701097105967E+05   2.3300691136613415E+04
   9.5000000000000000E+02   5.3884142233673192E+05   2.3954340713517722E+04
   9.6000000000000000E+02   5.5208153120381967E+05   2.4619916145876185E+04
   9.7000000000000000E+02   5.6558997413797420E+05   2.5299478618477628E+04
   9.8000000000000000E+02   5.7898272714226088E+05   2.5990391664511924E+04
   9.9000000000000000E+02   5.9267546414813842E+05   2.6693353126953327E+04
   1.0000000000000000E+03   6.0695855554155377E+05   2.7402760567967536E+04
   1.1000000000000000E+03   7.5715071516067337E+05   3.5222843589427444E+04
   1.2000000000000000E+03   9.2946184287986672E+05   4.4339582744946398E+04
   1.3000000000000000E+03   1.1231384920585905E+06   5.4882268425658629E+04
   1.4000000000000000E+03   1.3413342185411202E+06   6.6924209386699586E+04
   1.5000000000000000E+03   1.5824861201358740E+06   8.0553237541206501E+04
   1.6000000000000000E+03   1.8509588244794998E+06   9.5889916517612539E+04
   1.7000000000000000E+03   2.1434864183348236E+06   1.1301823130708572E+05
   1.8000000000000000E+03   2.4674550487639550E+06   1.3199312326483577E+05
   1.8439990000000000E+03   2.6197691448380477E+06   1.4096575423041935E+05
   1.8440010000000000E+03   2.6197760427809926E+06   1.3114200771763877E+04
   1.9000000000000000E+03   2.8211409953582641E+06   1.3733007118332223E+04
   2.0000000000000000E+03   3.2017579731291519E+06   1.5486932153406846E+04
   2.1000000000000000E+03   3.6162309916370134E+06   1.7548648433060560E+04
   2.2000000000000000E+03   4.0662765125216031E+06   1.9775422849825933E+04
   2.3000000000000000E+03   4.5446864278865969E+06   2.2156006024453593E+04
   2.4000000000000000E+03   5.0662367182609495E+06   2.4720172453525724E+04
   2.5000000000000000E+03   5.6199027878343845E+06   2.7436157771135808E+04
   2.6000000000000000E+03   6.2097760620038062E+06   3.0353463711400582E+04
   2.7000000000000000E+03   6.8395466491083140E+06   3.3431848163487797E+04
   2.8000000000000000E+03   7.5134923908308847E+06   3.6716683287055544E+04
   2.9000000000000000E+03   8.2283779585690498E+06   4.0256573872095796E+04
   3.0000000000000000E+03   8.9823051602839381E+06   4.3959725036902841E+04
   3.1000000000000000E+03   9.7771905865331031E+06   4.7928020743747606E+04
   3.2000000000000000E+03   1.0627890920930820E+07   5.2203781146493973E+04
   3.3000000000000000E+03   1.1517674491506619E+07   5.6666801996672817E+04
   3.4000000000000000E+03   1.2466421729585873E+07   6.1341623556296559E+04
   3.5000000000000000E+03   1.3445730753155317E+07   6.6311796168321729E+04
   3.6000000000000000E+03   1.4479296527490744E+07   7.1482526117766101E+04
   3.7000000000000000E+03   1.5580818784331357E+07   7.6909596499276406E+04
   3.8000000000000000E+03   1.6716190448405974E+07   8.2726969564100524E+04
   3.9000000000000000E+03   1.7923039248705141E+07   8.8810380598467367E+04
   4.0000000000000000E+03   1.9179887390401218E+07   9.5134194730004660E+04
   4.1000000000000000E+03   2.0481980125115331E+07   1.0182185249430279E+05
   4.2000000000000000E+03   2.1840975096086189E+07   1.0871827264579518E+05
   4.3000000000000000E+03   2.3281375130272809E+07   1.1594216920284697E+05
   4.4000000000000000E+03   2.4772521687936306E+07   1.2352965324298579E+05
   4.5000000000000000E+03   2.6312701773936242E+07   1.3150247210980990E+05
   4.6000000000000000E+03   2.7937363444792960E+07   1.3969921905959267E+05
   4.7000000000000000E+03   2.9615579863208823E+07   1.4832320225547312E+05
   4.8000000000000000E+03   3.1343036575781126E+07   1.5727414611326414E+05
   4.9000000000000000E+03   3.3140866392493289E+07   1.6654811347896094E+05
   5.0000000000000000E+03   3.5020995048979729E+07   1.7611770604907942E+05
   5.1000000000000000E+03   3.6985038186869092E+07   1.8615937406889445E+05
   5.2000000000000000E+03   3.9019057726454183E+07   1.9663666221919929E+05
   5.3000000000000000E+03   4.1092392180167384E+07   2.0751255068369300E+05
   5.4000000000000000E+03   4.3279277510517731E+07   2.1877876229306776E+05
   5.5000000000000000E+03   4.5526142998859733E+07   2.3021887828356973E+05
   5.6000000000000000E+03   4.7823045344549917E+07   2.4229709013570318E+05
   5.7000000000000000E+03   5.0223356714732423E+07   2.5474144352690055E+05
   5.8000000000000000E+03   5.2671735875946261E+07   2.6746142421570799E+05
   5.9000000000000000E+03   5.5229757790511638E+07   2.8078173272383556E+05
   6.0000000000000000E+03   5.7884928046269305E+07   2.9434843839084083E+05
   6.1000000000000000E+03   6.0622317128782794E+07   3.0846854704980773E+05
   6.2000000000000000E+03   6.3401518039093986E+07   3.2325890125199099E+05
   6.3000000000000000E+03   6.6339812201529145E+07   3.3852035575716425E+05
   6.4000000000000000E+03   6.9299049981122866E+07   3.5416207402371627E+05
   6.5000000000000000E+03   7.2369099666634038E+07   3.7024101384492411E+05
   6.6000000000000000E+03   7.5488352337866485E+07   3.8675125510496326E+05
   6.7000000000000000E+03   7.8752063016826719E+07   4.0356818866141583E+05
   6.8000000000000000E+03   8.2048775128361568E+07   4.2116042986385053E+05
   6.9000000000000000E+03   8.5480646889060229E+07   4.3911958811770525E+05
   7.0000000000000000E+03   8.9069894094953969E+07   4.5748267809435935E+05
   7.1000000000000000E+03   9.2704790374351710E+07   4.7651102165558428E+05
   7.2000000000000000E+03   9.6440213631910414E+07   4.9600084569480654E+05
   7.3000000000000000E+03   1.0028221892959388E+08   5.1616861998116854E+05
   7.4000000000000000E+03   1.0417424166872294E+08   5.3720820734125818E+05
   7.5000000000000000E+03   1.0822221633658148E+08   5.5839490787660691E+05
   7.6000000000000000E+03   1.1235357281974968E+08   5.8042497599623480E+05
   7.7000000000000000E+03   1.1661738117137171E+08   6.0307137829299737E+05
   7.8000000000000000E+03   1.2095041533453745E+08   6.2601323541315505E+05
   7.9000000000000000E+03   1.2533847843453084E+08   6.4960239050089312E+05
   8.0000000000000000E+03   1.2988305105417718E+08   6.7344395481747715E+05
   8.1000000000000000E+03   1.3453930284332722E+08   6.9853544176776079E+05
   8.2000000000000000E+03   1.3929936585127270E+08   7.2378223202783184E+05
   8.3000000000000000E+03   1.4430073798111629E+08   7.4987825277321215E+05
   8.4000000000000000E+03   1.4928299227722102E+08   7.7638365655914741E+05
   8.5000000000000000E+03   1.5446353821152458E+08   8.0352938202403951E+05
   8.6000000000000000E+03   1.5976571258863226E+08   8.3123333517201780E+05
   8.7000000000000000E+03   1.6512359865525481E+08   8.5992637554023496E+05
   8.8000000000000000E+03   1.7053459906696203E+08   8.8875734955367306E+05
   8.9000000000000000E+03   1.7616300722746506E+08   9.1924528021109721E+05
   9.0000000000000000E+03   1.8194075273129711E+08   9.4978746190379921E+05
   9.1000000000000000E+03   1.8781330488891664E+08   9.8156567188884423E+05
   9.2000000000000000E+03   1.9378544976537955E+08   1.0134019823329881E+06
   9.3000000000000000E+03   1.9985397180706513E+08   1.0466053479145056E+06
   9.4000000000000000E+03   2.0605335624177465E+08   1.0798542713269903E+06
   9.5000000000000000E+03   2.1241260826013950E+08   1.1140849458549153E+06
   9.6000000000000000E+03   2.1885955030452719E+08   1.1490181605388711E+06
   9.7000000000000000E+03   2.2551561500240278E+08   1.1839482285919287E+06
   9.8000000000000000E+03   2.3229809494162223E+08   1.2209615642533540E+06
   9.9000000000000000E+03   2.3933077643441293E+08   1.2578683520434368E+06
   1.0000000000000000E+04   2.4637910974624452E+08   1.2961555092800986E+06
   1.1000000000000000E+04   3.2512104084839541E+08   1.7181163027901351E+06
   1.2000000000000000E+04   4.1931797382091373E+08   2.2284603012746968E+06
   1.3000000000000000E+04   5.3060326455481541E+08   2.8314173202252840E+06
   1.4000000000000000E+04   6.6011438490777993E+08   3.5416066906791688E+06
   1.5000000000000000E+04   8.1138884291752684E+08   4.3641519015119765E+06
   1.6000000000000000E+04   9.8357756863505316E+08   5.3051968017048333E+06
   1.7000000000000000E+04   1.1798982929718034E+09   6.3865039790989552E+06
   1.8000000000000000E+04   1.4023514728457227E+09   7.6021927202002490E+06
   1.9000000000000000E+04   1.6505547875307250E+09   8.9723385873771887E+06
   2.0000000000000000E+04   1.9264646231797984E+09   1.0504665148708444E+07
   2.1000000000000000E+04   2.2364641199178658E+09   1.2210064118013961E+07
   2.2000000000000000E+04   2.5778999330616846E+09   1.4106901721067242E+07
   2.3000000000000000E+04   2.9534410411713634E+09   1.6185117383236362E+07
   2.4000000000000000E+04   3.3624762102138853E+09   1.8460532201158796E+07
   2.5000000000000000E+04   3.8113995892600718E+09   2.0942937574345373E+07
   2.6000000000000000E+04   4.3015673086797800E+09   2.3675270882456332E+07
   2.7000000000000000E+04   4.8342556741977644E+09   2.6630214139406919E+07
   2.8000000000000000E+04   5.4118937119564657E+09   2.9841386334252063E+07
   2.9000000000000000E+04   6.0287411484755096E+09   3.3312083574395239E+07
   3.0000000000000000E+04   6.6937083433556366E+09   3.7023726326223962E+07
   3.1000000000000000E+04   7.4115567966393843E+09   4.1018341243105613E+07
   3.2000000000000000E+04   8.1839983085176811E+09   4.5326108378502011E+07
   3.3000000000000000E+04   9.0103038119048252E+09   4.9949360416273333E+07
   3.4000000000000000E+04   9.8873703703117599E+09   5.4863399899578258E+07
   3.5000000000000000E+04   1.0826562156834232E+10   6.0101837631067783E+07
   3.6000000000000000E+04   1.1818604022794081E+10   6.5710949988200337E+07
   3.7000000000000000E+04   1.2878422982074961E+10   7.1646271524675101E+07
   3.8000000000000000E+04   1.3995570815895969E+10   7.7915098531336144E+07
   3.9000000000000000E+04   1.5181119534283821E+10   8.4593490502411097E+07
   4.0000000000000000E+04   1.6443530355590000E+10   9.1623071408158645E+07
   4.1000000000000000E+04   1.7775423058530117E+10   9.9056467042490125E+07
   4.2000000000000000E+04   1.9171589413189568E+10   1.0698147345682789E+08
   4.3000000000000000E+04   2.0655127748908695E+10   1.1526063463635242E+08
   4.4000000000000000E+04   2.2216222105330345E+10   1.2402948681303392E+08
   4.5000000000000000E+04   2.3842691428604557E+10   1.3321464469380160E+08
   4.6000000000000000E+04   2.5556608808668671E+10   1.4288211416437536E+08
   4.7000000000000000E+04   2.7353730817898502E+10   1.5299499521866634E+08
   4.8000000000000000E+04   2.9215316257314758E+10   1.6360567082695499E+08
   4.9000000000000000E+04   3.1192199645151619E+10   1.7470452607401228E+08
   5.0000000000000000E+04   3.3243252708601967E+10   1.8627711608771995E+08
   5.1000000000000000E+04   3.5400839079334496E+10   1.9827495706720388E+08
   5.2000000000000000E+04   3.7657335842043152E+10   2.1101793579236048E+08
   5.3000000000000000E+04   4.0012998506468826E+10   2.2424211481106475E+08
   5.4000000000000000E+04   4.2470848058610970E+10   2.3791944183168083E+08
   5.5000000000000000E+04   4.5026481357330788E+10   2.5222518327901766E+08
   5.6000000000000000E+04   4.7674059261957771E+10   2.6716960141994745E+08
   5.7000000000000000E+04   5.0433372512277832E+10   2.8287464599225855E+08
   5.8000000000000000E+04   5.3312882361197563E+10   2.9921753486665714E+08
   5.9000000000000000E+04   5.6252370566597458E+10   3.1597703690946734E+08
   6.0000000000000000E+04   5.9347000011320793E+10   3.3344961132553035E+08
   6.1000000000000000E+04   6.2564933424441154E+10   3.5160614754001743E+08
   6.2000000000000000E+04   6.5895258021605339E+10   3.7046420744771546E+08
   6.3000000000000000E+04   6.9337793219526398E+10   3.9002695959627074E+08
   6.4000000000000000E+04   7.2865074609655060E+10   4.1033027456406063E+08
   6.5000000000000000E+04   7.6580766050584412E+10   4.3134743045650840E+08
   6.6000000000000000E+04   8.0381345359461563E+10   4.5302665599134481E+08
   6.7000000000000000E+04   8.4335640063935379E+10   4.7539809504395360E+08
   6.8000000000000000E+04   8.8364922663236237E+10   4.9854971670338845E+08
   6.9000000000000000E+04   9.2573236336739944E+10   5.2245325996974546E+08
   7.0000000000000000E+04   9.6960185379511902E+10   5.4715492076491022E+08
   7.1000000000000000E+04   1.0145894551554185E+11   5.7266723056036425E+08
   7.2000000000000000E+04   1.0608040464053133E+11   5.9900090772682810E+08
   7.3000000000000000E+04   1.1080044137171434E+11   6.2613482052846563E+08
   7.4000000000000000E+04   1.1576947767111201E+11   6.5411744759292626E+08
   7.5000000000000000E+04   1.2088058330120889E+11   6.8296696812290728E+08
   7.6000000000000000E+04   1.2608289542195955E+11   7.1269845981434476E+08
   7.7000000000000000E+04   1.3148940572330240E+11   7.4267911627123404E+08
   7.8000000000000000E+04   1.3705999609354042E+11   7.7466955862452745E+08
   7.9000000000000000E+04   1.4277746172814832E+11   8.0653189475002110E+08
   8.0000000000000000E+04   1.4862709316159695E+11   8.4003987877140749E+08
   8.1000000000000000E+04   1.5456853981377829E+11   8.7421170601003706E+08
   8.2000000000000000E+04   1.6081838085690125E+11   9.0924285407164633E+08
   8.3000000000000000E+04   1.6722632649665964E+11   9.4582896224084854E+08
   8.4000000000000000E+04   1.7359772830969580E+11   9.8252955344243670E+08
   8.5000000000000000E+04   1.8047148658374252E+11   1.0206275712723715E+09
   8.6000000000000000E+04   1.8717253905765189E+11   1.0600665919745129E+09
   8.7000000000000000E+04   1.9438166007226413E+11   1.0998485416003826E+09
   8.8000000000000000E+04   2.0163914059573862E+11   1.1409319010383079E+09
   8.9000000000000000E+04   2.0907207990682483E+11   1.1832143506497588E+09
   9.0000000000000000E+04   2.1656066049071756E+11   1.2266799009604614E+09
   9.1000000000000000E+04   2.2442370301944473E+11   1.2709235469043064E+09
   9.2000000000000000E+04   2.3241248532227692E+11   1.3162512153224778E+09
   9.3000000000000000E+04   2.4062952226699704E+11   1.3619510510383761E+09
   9.4000000000000000E+04   2.4902857114175687E+11   1.4098482918796103E+09
   9.5000000000000000E+04   2.5764167349941632E+11   1.4586031691604168E+09
   9.6000000000000000E+04   2.6642816502863312E+11   1.5087031080206101E+09
   9.7000000000000000E+04   2.7548091871738519E+11   1.5596613610886374E+09
   9.8000000000000000E+04   2.8463967563273547E+11   1.6124234573901451E+09
   9.9000000000000000E+04   2.9417918319595178E+11   1.6654607206970146E+09
   1.0000000000000000E+05   3.0369953381012726E+11   1.7203604651035511E+09
   1.1000000000000000E+05   4.1213463211342743E+11   2.3354638646606393E+09
   1.2000000000000000E+05   5.4463013204826764E+11   3.0888703355696001E+09
   1.3000000000000000E+05   7.0440478350775159E+11   3.9946991813933887E+09
   1.4000000000000000E+05   8.9120327752160144E+11   5.0668129309731598E+09
   1.5000000000000000E+05   1.1094600280194648E+12   6.3083996670964670E+09
   1.6000000000000000E+05   1.3624730034454915E+12   7.7460577381759338E+09
   1.7000000000000000E+05   1.6493575251207478E+12   9.3912080602644100E+09
   1.8000000000000000E+05   1.9747506254148313E+12   1.1247043767525480E+10
   1.9000000000000000E+05   2.3406339118751909E+12   1.3335556104975317E+10
   2.0000000000000000E+05   2.7501995468840776E+12   1.5667665073647766E+10
   2.1000000000000000E+05   3.2001200839516479E+12   1.8257208703042824E+10
   2.2000000000000000E+05   3.6977542722961812E+12   2.1104576570532867E+10
   2.3000000000000000E+05   4.2477099175250815E+12   2.4216777108319874E+10
   2.4000000000000000E+05   4.8418570599253955E+12   2.7644019471418480E+10
   2.5000000000000000E+05   5.4849920351626328E+12   3.1343448127103256E+10
   2.6000000000000000E+05   6.1849659963662705E+12   3.5298314159410339E+10
   2.7000000000000000E+05   6.9419927199952891E+12   3.9623913707765793E+10
   2.8000000000000000E+05   7.7388644263705049E+12   4.4251858634052780E+10
   2.9000000000000000E+05   8.6052721874617920E+12   4.9183657599220810E+10
   3.0000000000000000E+05   9.5272407685195273E+12   5.4411151824558525E+10
   3.1000000000000000E+05   1.0507162254270100E+13   6.0005957567791405E+10
   3.2000000000000000E+05   1.1533053690618002E+13   6.6007888261787537E+10
   3.3000000000000000E+05   1.2628721716707947E+13   7.2180006242312607E+10
   3.4000000000000000E+05   1.3787879319380324E+13   7.8818773038227295E+10
   3.5000000000000000E+05   1.4998789212921672E+13   8.5783397820143570E+10
   3.6000000000000000E+05   1.6275199593674320E+13   9.3150633280782562E+10
   3.7000000000000000E+05   1.7609513429242719E+13   1.0069818340438611E+11
   3.8000000000000000E+05   1.9026501234774574E+13   1.0871827362502623E+11
   3.9000000000000000E+05   2.0472877029596188E+13   1.1710922360284415E+11
   4.0000000000000000E+05   2.1983099656151348E+13   1.2591068857928845E+11
   4.1000000000000000E+05   2.3561727872393031E+13   1.3488195914161169E+11
   4.2000000000000000E+05   2.5221506893570754E+13   1.4422090225985989E+11
   4.3000000000000000E+05   2.6905906008492137E+13   1.5396768464458911E+11
   4.4000000000000000E+05   2.8670703547286840E+13   1.6416156192223721E+11
   4.5000000000000000E+05   3.0489869958473898E+13   1.7453032830826324E+11
   4.6000000000000000E+05   3.2386237644926191E+13   1.8532692933684546E+11
   4.7000000000000000E+05   3.4344166484947074E+13   1.9640989704303061E+11
   4.8000000000000000E+05   3.6338309293253547E+13   2.0789617338330725E+11
   4.9000000000000000E+05   3.8379966536429664E+13   2.1970661246675146E+11
   5.0000000000000000E+05   4.0528368845294242E+13   2.3182062621763312E+11
   5.1000000000000000E+05   4.2707419757811789E+13   2.4418879213264410E+11
   5.2000000000000000E+05   4.4931057009992367E+13   2.5713225319426968E+11
   5.3000000000000000E+05   4.7218264248118867E+13   2.7047125639351279E+11
   5.4000000000000000E+05   4.9542536305863422E+13   2.8373623008493732E+11
   5.5000000000000000E+05   5.1977123013999016E+13   2.9746825504624542E+11
   5.6000000000000000E+05   5.4460540363640406E+13   3.1141476885698822E+11
   5.7000000000000000E+05   5.6948917193905883E+13   3.2599572442085919E+11
   5.8000000000000000E+05   5.9507889734344188E+13   3.4087690029090826E+11
   5.9000000000000000E+05   6.2102552454066133E+13   3.5572100570778278E+11
   6.0000000000000000E+05   6.4811748341845602E+13   3.7097978396679077E+11
   6.1000000000000000E+05   6.7522599259248430E+13   3.8647763179900769E+11
   6.2000000000000000E+05   7.0329314730360773E+13   4.0250804427998163E+11
   6.3000000000000000E+05   7.3135377759849797E+13   4.1866424923505579E+11
   6.4000000000000000E+05   7.5983912002614703E+13   4.3546913486676556E+11
   6.5000000000000000E+05   7.8859530503908844E+13   4.5193938490957947E+11
   6.6000000000000000E+05   8.1881232694072484E+13   4.6884052512815045E+11
   6.7000000000000000E+05   8.4888355796520281E+13   4.8596255302618866E+11
   6.8000000000000000E+05   8.7978205966965109E+13   5.0371771025494165E+11
   6.9000000000000000E+05   9.1057851039306641E+13   5.2147635041313904E+11
   7.0000000000000000E+05   9.4179125639319469E+13   5.4010902868492145E+11
   7.1000000000000000E+05   9.7333143702651172E+13   5.5789946733887146E+11
   7.2000000000000000E+05   1.0060699118667536E+14   5.7596809030166455E+11
   7.3000000000000000E+05   1.0387938450619633E+14   5.9458802914453003E+11
   7.4000000000000000E+05   1.0729628011204388E+14   6.1361956133020728E+11
   7.5000000000000000E+05   1.1058314023815531E+14   6.3273840430130505E+11
   7.6000000000000000E+05   1.1398738291514597E+14   6.5261291559722180E+11
   7.7000000000000000E+05   1.1740213346862762E+14   6.7169042352951599E+11
   7.8000000000000000E+05   1.2082026178845386E+14   6.9139497277676794E+11
   7.9000000000000000E+05   1.2439499324828244E+14   7.1143748534271936E+11
   8.0000000000000000E+05   1.2793670409156600E+14   7.3121884427817480E+11
   8.1000000000000000E+05   1.3161767200943364E+14   7.5212847191571704E+11
   8.2000000000000000E+05   1.3519806916961483E+14   7.7252701055623450E+11
   8.3000000000000000E+05   1.3884600366083308E+14   7.9391665689307935E+11
   8.4000000000000000E+05   1.4249487481147125E+14   8.1441258651492920E+11
   8.5000000000000000E+05   1.4619816833456828E+14   8.3547913759859814E+11
   8.6000000000000000E+05   1.4992954128061744E+14   8.5695891023075269E+11
   8.7000000000000000E+05   1.5380683302899625E+14   8.7852754740407166E+11
   8.8000000000000000E+05   1.5760748644441094E+14   9.0017120496310083E+11
   8.9000000000000000E+05   1.6160040227021781E+14   9.2203899764505554E+11
   9.0000000000000000E+05   1.6540861282515119E+14   9.4483261748484180E+11
   9.1000000000000000E+05   1.6932360091772703E+14   9.6731638270481946E+11
   9.2000000000000000E+05   1.7313070942492584E+14   9.8995839203944470E+11
   9.3000000000000000E+05   1.7711274978204169E+14   1.0136850845187317E+12
   9.4000000000000000E+05   1.8117916496020688E+14   1.0365235630764851E+12
   9.5000000000000000E+05   1.8514723245298234E+14   1.0592813791849976E+12
   9.6000000000000000E+05   1.8929296576469066E+14   1.0830605071188823E+12
   9.7000000000000000E+05   1.9340233242243741E+14   1.1068969678989041E+12
   9.8000000000000000E+05   1.9733355982393897E+14   1.1301525691460605E+12
   9.9000000000000000E+05   2.0142779939580166E+14   1.1544061048918752E+12
   1.0000000000000000E+06   2.0569478325290459E+14   1.1797228767923640E+12
   1.1000000000000000E+06   2.4901360188107347E+14   1.4279723617058347E+12
   1.2000000000000000E+06   2.9511527588014069E+14   1.6925075531837280E+12
   1.3000000000000000E+06   3.4336613929212506E+14   1.9675149217194006E+12
   1.4000000000000000E+06   3.9307735605209538E+14   2.2547327664160981E+12
   1.5000000000000000E+06   4.4460534635880681E+14   2.5475765395772856E+12
   1.6000000000000000E+06   4.9648373243518525E+14   2.8435275168155645E+12
   1.7000000000000000E+06   5.4900389987706862E+14   3.1482181358474473E+12
   1.8000000000000000E+06   6.0358626160381512E+14   3.4551354464932407E+12
   1.9000000000000000E+06   6.5741271280055225E+14   3.7684309372753906E+12
   2.0000000000000000E+06   7.1248401764121588E+14   4.0824426389089360E+12
   2.1000000000000000E+06   7.6856298073862375E+14   4.4032224307909678E+12
   2.2000000000000000E+06   8.2444713299654988E+14   4.7275965006383525E+12
   2.3000000000000000E+06   8.8215044487928275E+14   5.0510218616399131E+12
   2.4000000000000000E+06   9.3934529118950688E+14   5.3830683447853887E+12
   2.5000000000000000E+06   9.9655205115242725E+14   5.7144063895965869E+12
   2.6000000000000000E+06   1.0552905338259154E+15   6.0433445350453301E+12
   2.7000000000000000E+06   1.1135759591057459E+15   6.3786444157326318E+12
   2.8000000000000000E+06   1.1722163565497405E+15   6.7178342733160947E+12
   2.9000000000000000E+06   1.2314537827225055E+15   7.0544423331272383E+12
   3.0000000000000000E+06   1.2911609367279090E+15   7.3911149526745381E+12
   3.1000000000000000E+06   1.3500810730603568E+15   7.7354559771870938E+12
   3.2000000000000000E+06   1.4097024059483862E+15   8.0866595166467744E+12
   3.3000000000000000E+06   1.4690131450885892E+15   8.4235129223981611E+12
   3.4000000000000000E+06   1.5298549136834115E+15   8.7675268552390820E+12
   3.5000000000000000E+06   1.5917256864361790E+15   9.1097116252414180E+12
   3.6000000000000000E+06   1.6507819638537735E+15   9.4593530672681445E+12
   3.7000000000000000E+06   1.7112368986133058E+15   9.8135992065218594E+12
   3.8000000000000000E+06   1.7715156101229165E+15   1.0155301992575721E+13
   3.9000000000000000E+06   1.8325198365496368E+15   1.0504248941271928E+13
   4.0000000000000000E+06   1.8937505648493885E+15   1.0853241972345039E+13
   4.1000000000000000E+06   1.9564810514648035E+15   1.1199167809470523E+13
   4.2000000000000000E+06   2.0165505416090672E+15   1.1555177945553637E+13
   4.3000000000000000E+06   2.0784649224324088E+15   1.1907346305519781E+13
   4.4000000000000000E+06   2.1389203359028858E+15   1.2262994461266918E+13
   4.5000000000000000E+06   2.1996379281963252E+15   1.2606699764831914E+13
   4.6000000000000000E+06   2.2612140157652935E+15   1.2964039164993857E+13
   4.7000000000000000E+06   2.3239373955626765E+15   1.3313093676355410E+13
   4.8000000000000000E+06   2.3854322788501960E+15   1.3668615526147479E+13
   4.9000000000000000E+06   2.4500706254109750E+15   1.4026343279108605E+13
   5.0000000000000000E+06   2.5093446297976585E+15   1.4375913685928223E+13
   5.1000000000000000E+06   2.5715531897203805E+15   1.4741527570897355E+13
   5.2000000000000000E+06   2.6334862100553540E+15   1.5094183846521473E+13
   5.3000000000000000E+06   2.6957155616907700E+15   1.5462967789543818E+13
   5.4000000000000000E+06   2.7579984179777260E+15   1.5808349509883873E+13
   5.5000000000000000E+06   2.8207748440265455E+15   1.6164378157430053E+13
   5.6000000000000000E+06   2.8822568502781990E+15   1.6522752085150412E+13
   5.7000000000000000E+06   2.9464750700988480E+15   1.6878891696624154E+13
   5.8000000000000000E+06   3.0085602734899385E+15   1.7234078714621281E+13
   5.9000000000000000E+06   3.0723361272321900E+15   1.7586065285025113E+13
   6.0000000000000000E+06   3.1351212629615970E+15   1.7951168863379582E+13
   6.1000000000000000E+06   3.1954434121770170E+15   1.8314222979299988E+13
   6.2000000000000000E+06   3.2581323902819740E+15   1.8667853014781422E+13
   6.3000000000000000E+06   3.3216589908058865E+15   1.9034709391871293E+13
   6.4000000000000000E+06   3.3829509633427700E+15   1.9407187116873059E+13
   6.5000000000000000E+06   3.4465440153086515E+15   1.9759521984053332E+13
   6.6000000000000000E+06   3.5088254487681275E+15   2.0114567402644727E+13
   6.7000000000000000E+06   3.5723078901391305E+15   2.0461962523177055E+13
   6.8000000000000000E+06   3.6337775367331905E+15   2.0819744456527906E+13
   6.9000000000000000E+06   3.6966178095950155E+15   2.1189934529798523E+13
   7.0000000000000000E+06   3.7616642595749970E+15   2.1543280186461324E+13
   7.1000000000000000E+06   3.8237443675109125E+15   2.1903535253108402E+13
   7.2000000000000000E+06   3.8869559928480825E+15   2.2269412178148125E+13
   7.3000000000000000E+06   3.9522882288572610E+15   2.2629057666784895E+13
   7.4000000000000000E+06   4.0147990483084000E+15   2.2993375141909219E+13
   7.5000000000000000E+06   4.0772687720640270E+15   2.3347362707946301E+13
   7.6000000000000000E+06   4.1390957557403010E+15   2.3711327350379402E+13
   7.7000000000000000E+06   4.1997778909528115E+15   2.4085526440220398E+13
   7.8000000000000000E+06   4.2622653495401480E+15   2.4439890696697633E+13
   7.9000000000000000E+06   4.3266383950580790E+15   2.4804527183191270E+13
   8.0000000000000000E+06   4.3906453162626315E+15   2.5179223962309863E+13
   8.1000000000000000E+06   4.4524309830868620E+15   2.5539909698469262E+13
   8.2000000000000000E+06   4.5159791700015480E+15   2.5897768966622770E+13
   8.3000000000000000E+06   4.5806723672857770E+15   2.6260169481555402E+13
   8.4000000000000000E+06   4.6430639495417890E+15   2.6606473785958445E+13
   8.5000000000000000E+06   4.7071750762913210E+15   2.6962033765797992E+13
   8.6000000000000000E+06   4.7697904994882560E+15   2.7325843473959277E+13
   8.7000000000000000E+06   4.8322157223320410E+15   2.7698815413513812E+13
   8.8000000000000000E+06   4.8962966095307570E+15   2.8058882940078715E+13
   8.9000000000000000E+06   4.9620945921970640E+15   2.8417430884207480E+13
   9.0000000000000000E+06   5.0250119947721410E+15   2.8783297891633145E+13
   9.1000000000000000E+06   5.0879289912541450E+15   2.9154226332633582E+13
   9.2000000000000000E+06   5.1524415027142710E+15   2.9512896247740680E+13
   9.3000000000000000E+06   5.2186050289685600E+15   2.9880486048699504E+13
   9.4000000000000000E+06   5.2816218355799740E+15   3.0244346726021070E+13
   9.5000000000000000E+06   5.3437750418657500E+15   3.0599857412888977E+13
   9.6000000000000000E+06   5.4074019833353910E+15   3.0963825081026625E+13
   9.7000000000000000E+06   5.4693355856596520E+15   3.1335206553487660E+13
   9.8000000000000000E+06   5.5298263900667300E+15   3.1709942598302445E+13
   9.9000000000000000E+06   5.5916702144127410E+15   3.2065012355461020E+13
   1.0000000000000000E+07   5.6549129673631420E+15   3.2428123895030070E+13
   1.1000000000000000E+07   6.2944190363549790E+15   3.6067996074975789E+13
   1.2000000000000000E+07   6.9326059252370350E+15   3.9711501661637602E+13
   1.3000000000000000E+07   7.5690975627149300E+15   4.3385061554929148E+13
   1.4000000000000000E+07   8.2014441929152480E+15   4.7035395780967922E+13
   1.5000000000000000E+07   8.8395401559979500E+15   5.0677371300588297E+13
   1.6000000000000000E+07   9.4813578542753220E+15   5.4325424445723281E+13
   1.7000000000000000E+07   1.0124845767133580E+16   5.8002658026072180E+13
   1.8000000000000000E+07   1.0762912532525276E+16   6.1677754478154297E+13
   1.9000000000000000E+07   1.1400529879370428E+16   6.5392162599795117E+13
   2.0000000000000000E+07   1.2032351859131888E+16   6.9042162243139344E+13
   2.1000000000000000E+07   1.2677906136620382E+16   7.2681250591669203E+13
   2.2000000000000000E+07   1.3325591752767700E+16   7.6339481743543625E+13
   2.3000000000000000E+07   1.3968215751052974E+16   7.9965014545954953E+13
   2.4000000000000000E+07   1.4612825340574662E+16   8.3673413683391266E+13
   2.5000000000000000E+07   1.5248527691065620E+16   8.7368078540476547E+13
   2.6000000000000000E+07   1.5887559962362082E+16   9.1031261750557656E+13
   2.7000000000000000E+07   1.6527908276341754E+16   9.4744687088040641E+13
   2.8000000000000000E+07   1.7168201434499864E+16   9.8489770332386688E+13
   2.9000000000000000E+07   1.7802334282591274E+16   1.0204419846349544E+14
   3.0000000000000000E+07   1.8441070707446352E+16   1.0575210954134566E+14
   3.1000000000000000E+07   1.9085585374015268E+16   1.0938069938607122E+14
   3.2000000000000000E+07   1.9734450774421264E+16   1.1304470096765170E+14
   3.3000000000000000E+07   2.0377727815199000E+16   1.1675695887241100E+14
   3.4000000000000000E+07   2.1014001787835596E+16   1.2040248396668519E+14
   3.5000000000000000E+07   2.1660423061447780E+16   1.2406600289607144E+14
   3.6000000000000000E+07   2.2308942426848500E+16   1.2775461751319150E+14
   3.7000000000000000E+07   2.2949924226588076E+16   1.3141062068128227E+14
   3.8000000000000000E+07   2.3589792892278232E+16   1.3505148741155673E+14
   3.9000000000000000E+07   2.4232348549334808E+16   1.3879994812543773E+14
   4.0000000000000000E+07   2.4869219058293884E+16   1.4246981587061997E+14
   4.1000000000000000E+07   2.5490821037382072E+16   1.4616701579755522E+14
   4.2000000000000000E+07   2.6132828280127792E+16   1.4984711175261509E+14
   4.3000000000000000E+07   2.6781008126653632E+16   1.5351182000044000E+14
   4.4000000000000000E+07   2.7413161868838172E+16   1.5723866119485866E+14
   4.5000000000000000E+07   2.8069722399709396E+16   1.6090930682868619E+14
   4.6000000000000000E+07   2.8698232063703720E+16   1.6464759927888319E+14
   4.7000000000000000E+07   2.9354866212489752E+16   1.6830777183619419E+14
   4.8000000000000000E+07   2.9984858374679684E+16   1.7195741316999006E+14
   4.9000000000000000E+07   3.0637192274937732E+16   1.7565900927482859E+14
   5.0000000000000000E+07   3.1273059308453976E+16   1.7918546096215806E+14
   5.1000000000000000E+07   3.1912323596096076E+16   1.8285391534462147E+14
   5.2000000000000000E+07   3.2537797794672892E+16   1.8665606778646584E+14
   5.3000000000000000E+07   3.3188249079947900E+16   1.9022804781751438E+14
   5.4000000000000000E+07   3.3850903315228456E+16   1.9389557912370662E+14
   5.5000000000000000E+07   3.4482113526671252E+16   1.9768258646696691E+14
   5.6000000000000000E+07   3.5137255069343284E+16   2.0125650698960159E+14
   5.7000000000000000E+07   3.5780513062443084E+16   2.0496064823320950E+14
   5.8000000000000000E+07   3.6430577442275336E+16   2.0867827824917928E+14
   5.9000000000000000E+07   3.7063004660890496E+16   2.1231316519980669E+14
   6.0000000000000000E+07   3.7702013964676496E+16   2.1607209167564462E+14
   6.1000000000000000E+07   3.8363407727010296E+16   2.1969048133346769E+14
   6.2000000000000000E+07   3.9002730614782912E+16   2.2340576782945188E+14
   6.3000000000000000E+07   3.9639868548025224E+16   2.2708157511406759E+14
   6.4000000000000000E+07   4.0298107151594904E+16   2.3079098621273156E+14
   6.5000000000000000E+07   4.0947795290365736E+16   2.3439637118992344E+14
   6.6000000000000000E+07   4.1577476772954600E+16   2.3801354082147859E+14
   6.7000000000000000E+07   4.2226769273860376E+16   2.4174406616077288E+14
   6.8000000000000000E+07   4.2864461129566952E+16   2.4558059880548319E+14
   6.9000000000000000E+07   4.3498336734004792E+16   2.4917236666928975E+14
   7.0000000000000000E+07   4.4151219818363592E+16   2.5287012792690047E+14
   7.1000000000000000E+07   4.4782469518692208E+16   2.5664352568499725E+14
   7.2000000000000000E+07   4.5421431199257176E+16   2.6028204918439891E+14
   7.3000000000000000E+07   4.6074758050815856E+16   2.6402508990002281E+14
   7.4000000000000000E+07   4.6702525872559952E+16   2.6763287748040800E+14
   7.5000000000000000E+07   4.7347588178216936E+16   2.7128709033246959E+14
   7.6000000000000000E+07   4.7990594956269024E+16   2.7504178784313153E+14
   7.7000000000000000E+07   4.8625644218940432E+16   2.7877993298693666E+14
   7.8000000000000000E+07   4.9277678984771664E+16   2.8238904410159238E+14
   7.9000000000000000E+07   4.9892380109745464E+16   2.8609097540465519E+14
   8.0000000000000000E+07   5.0515157310256648E+16   2.8987549284491281E+14
   8.1000000000000000E+07   5.1153630336483368E+16   2.9353193578411256E+14
   8.2000000000000000E+07   5.1808449589852928E+16   2.9714994279052138E+14
   8.3000000000000000E+07   5.2480196684857632E+16   3.0083896177165975E+14
   8.4000000000000000E+07   5.3104148395725312E+16   3.0458917713835712E+14
   8.5000000000000000E+07   5.3730663648308408E+16   3.0816937792205906E+14
   8.6000000000000000E+07   5.4372138468928736E+16   3.1183460669845438E+14
   8.7000000000000000E+07   5.5029082850155096E+16   3.1558805363274525E+14
   8.8000000000000000E+07   5.5690928724224168E+16   3.1923122186784250E+14
   8.9000000000000000E+07   5.6311948514560672E+16   3.2285397211862888E+14
   9.0000000000000000E+07   5.6946966699195128E+16   3.2655979874527231E+14
   9.1000000000000000E+07   5.7596409610008024E+16   3.3028623864057794E+14
   9.2000000000000000E+07   5.8260802920326944E+16   3.3390571775402975E+14
   9.3000000000000000E+07   5.8889747664299272E+16   3.3757818570178031E+14
   9.4000000000000000E+07   5.9523848263697560E+16   3.4133199458159875E+14
   9.5000000000000000E+07   6.0171752969321256E+16   3.4493550454734538E+14
   9.6000000000000000E+07   6.0833917506115424E+16   3.4860901705209075E+14
   9.7000000000000000E+07   6.1463058460630064E+16   3.5234826459525519E+14
   9.8000000000000000E+07   6.2100921405901720E+16   3.5589947002059075E+14
   9.9000000000000000E+07   6.2752162660392216E+16   3.5945026647430031E+14
   1.0000000000000000E+08   6.3402428291929856E+16   3.6307210863709125E+14
   1.1000000000000000E+08   6.9823004625787904E+16   4.0009114833246175E+14
   1.2000000000000000E+08   7.6248865556038272E+16   4.3699373409510125E+14
   1.3000000000000000E+08   8.2715222518529440E+16   4.7364213434309550E+14
   1.4000000000000000E+08   8.9151209539487696E+16   5.1066977358889125E+14
   1.5000000000000000E+08   9.5553534882230080E+16   5.4745572356080238E+14
   1.6000000000000000E+08   1.0188967807017510E+17   5.8463468536411512E+14
   1.7000000000000000E+08   1.0832793602608192E+17   6.2116220039024150E+14
   1.8000000000000000E+08   1.1476689790502738E+17   6.5799511006268988E+14
   1.9000000000000000E+08   1.2122258555238269E+17   6.9469710813470662E+14
   2.0000000000000000E+08   1.2766923635183086E+17   7.3095403751689175E+14
   2.1000000000000000E+08   1.3401788014489619E+17   7.6792957909581250E+14
   2.2000000000000000E+08   1.4050019003479891E+17   8.0487590496160738E+14
   2.3000000000000000E+08   1.4695171846025146E+17   8.4177646921977625E+14
   2.4000000000000000E+08   1.5334015587235075E+17   8.7855653547398850E+14
   2.5000000000000000E+08   1.5977858331665123E+17   9.1526470873525988E+14
   2.6000000000000000E+08   1.6623810780963926E+17   9.5167756682020838E+14
   2.7000000000000000E+08   1.7267445497801734E+17   9.8890027605982912E+14
   2.8000000000000000E+08   1.7910983191723059E+17   1.0255501053872352E+15
   2.9000000000000000E+08   1.8552318403392070E+17   1.0624805612867168E+15
   3.0000000000000000E+08   1.9192561387930710E+17   1.0988628680457800E+15
   3.1000000000000000E+08   1.9833493987911187E+17   1.1357398911563200E+15
   3.2000000000000000E+08   2.0457265995220563E+17   1.1729281127337480E+15
   3.3000000000000000E+08   2.1113347297922582E+17   1.2093574881185475E+15
   3.4000000000000000E+08   2.1743629598667651E+17   1.2461736200074392E+15
   3.5000000000000000E+08   2.2401293762191504E+17   1.2833227854794662E+15
   3.6000000000000000E+08   2.3029973206388211E+17   1.3200711502076868E+15
   3.7000000000000000E+08   2.3678506459775786E+17   1.3567800564400180E+15
   3.8000000000000000E+08   2.4319400595970291E+17   1.3936435196723042E+15
   3.9000000000000000E+08   2.4959281249067491E+17   1.4303929491236558E+15
   4.0000000000000000E+08   2.5605118183404810E+17   1.4663739206995460E+15
   4.1000000000000000E+08   2.6250346814042666E+17   1.5040171809495392E+15
   4.2000000000000000E+08   2.6872288935740838E+17   1.5404599520750935E+15
   4.3000000000000000E+08   2.7522030264001702E+17   1.5774505459390665E+15
   4.4000000000000000E+08   2.8165660874665850E+17   1.6145037814183460E+15
   4.5000000000000000E+08   2.8811583218514227E+17   1.6511763654535362E+15
   4.6000000000000000E+08   2.9452796187004973E+17   1.6884833289689800E+15
   4.7000000000000000E+08   3.0095375651932838E+17   1.7250895731135875E+15
   4.8000000000000000E+08   3.0726829266940282E+17   1.7622470032892795E+15
   4.9000000000000000E+08   3.1385302807247072E+17   1.7990893781619830E+15
   5.0000000000000000E+08   3.2010464810020448E+17   1.8359072394798765E+15
   5.1000000000000000E+08   3.2659535487044243E+17   1.8731969569552075E+15
   5.2000000000000000E+08   3.3300036068518304E+17   1.9088628079645148E+15
   5.3000000000000000E+08   3.3940777935524064E+17   1.9457225583042045E+15
   5.4000000000000000E+08   3.4589326923950189E+17   1.9838752424880875E+15
   5.5000000000000000E+08   3.5224368424826899E+17   2.0199492445154772E+15
   5.6000000000000000E+08   3.5878503854794515E+17   2.0573576012023705E+15
   5.7000000000000000E+08   3.6509520020232058E+17   2.0933587456027428E+15
   5.8000000000000000E+08   3.7163129648474816E+17   2.1295425636683910E+15
   5.9000000000000000E+08   3.7795388096146918E+17   2.1668932117700870E+15
   6.0000000000000000E+08   3.8445484032712192E+17   2.2051770826433065E+15
   6.1000000000000000E+08   3.9081312421903494E+17   2.2406128566620108E+15
   6.2000000000000000E+08   3.9729547310509254E+17   2.2770479197151360E+15
   6.3000000000000000E+08   4.0352086181572051E+17   2.3146713964973445E+15
   6.4000000000000000E+08   4.0979058300785312E+17   2.3527165948262035E+15
   6.5000000000000000E+08   4.1625816370510048E+17   2.3887650707950040E+15
   6.6000000000000000E+08   4.2293250485947814E+17   2.4257355051145505E+15
   6.7000000000000000E+08   4.2925629253674643E+17   2.4627998893906400E+15
   6.8000000000000000E+08   4.3555788663248781E+17   2.4990610917511950E+15
   6.9000000000000000E+08   4.4204695434297395E+17   2.5364051283167400E+15
   7.0000000000000000E+08   4.4873158790775405E+17   2.5731005980992140E+15
   7.1000000000000000E+08   4.5494428181965024E+17   2.6095636116717520E+15
   7.2000000000000000E+08   4.6132510357964378E+17   2.6470740585363050E+15
   7.3000000000000000E+08   4.6788686509221382E+17   2.6833778581093390E+15
   7.4000000000000000E+08   4.7431599340847616E+17   2.7202109488860450E+15
   7.5000000000000000E+08   4.8064947315046662E+17   2.7573336248982110E+15
   7.6000000000000000E+08   4.8715438222783098E+17   2.7937021040768055E+15
   7.7000000000000000E+08   4.9363559569592947E+17   2.8310166059555640E+15
   7.8000000000000000E+08   4.9997177413546080E+17   2.8667218924782630E+15
   7.9000000000000000E+08   5.0647272665760288E+17   2.9024190343303215E+15
   8.0000000000000000E+08   5.1290959060485786E+17   2.9390075668969085E+15
   8.1000000000000000E+08   5.1929182300009037E+17   2.9763665606948615E+15
   8.2000000000000000E+08   5.2583402805928109E+17   3.0146428348956575E+15
   8.3000000000000000E+08   5.3201234822844230E+17   3.0509299669417060E+15
   8.4000000000000000E+08   5.3829243814914739E+17   3.0868040402872015E+15
   8.5000000000000000E+08   5.4472249361608646E+17   3.1234913699284495E+15
   8.6000000000000000E+08   5.5130745395127110E+17   3.1610493082414190E+15
   8.7000000000000000E+08   5.5794568284698125E+17   3.1990261458114840E+15
   8.8000000000000000E+08   5.6420027543140826E+17   3.2345834014135660E+15
   8.9000000000000000E+08   5.7059634904443930E+17   3.2709391961622725E+15
   9.0000000000000000E+08   5.7713887389241651E+17   3.3081214679411280E+15
   9.1000000000000000E+08   5.8362975540105114E+17   3.3461334938403375E+15
   9.2000000000000000E+08   5.8998316953513856E+17   3.3822697580095855E+15
   9.3000000000000000E+08   5.9647598155849792E+17   3.4185593473443440E+15
   9.4000000000000000E+08   6.0285496428816013E+17   3.4556275330818040E+15
   9.5000000000000000E+08   6.0911406889071245E+17   3.4934717419643605E+15
   9.6000000000000000E+08   6.1550408159217523E+17   3.5295583956869240E+15
   9.7000000000000000E+08   6.2202950018945958E+17   3.5660805184365125E+15
   9.8000000000000000E+08   6.2869464939482317E+17   3.6033462545383385E+15
   9.9000000000000000E+08   6.3490789369459430E+17   3.6404336821095965E+15
   1.0000000000000000E+09   6.4121680090314816E+17   3.6766530538666380E+15
   1.1000000000000000E+09   7.0560526757919309E+17   4.0438731954738130E+15
   1.2000000000000000E+09   7.7015790582109850E+17   4.4116499563814945E+15
   1.3000000000000000E+09   8.3389321025546330E+17   4.7797200368948120E+15
   1.4000000000000000E+09   8.9876030496269466E+17   5.1484940569025380E+15
   1.5000000000000000E+09   9.6283381188514637E+17   5.5171935528793570E+15
   1.6000000000000000E+09   1.0273666369568467E+18   5.8807077587573720E+15
   1.7000000000000000E+09   1.0912750670541272E+18   6.2498523123599780E+15
   1.8000000000000000E+09   1.1563353598560108E+18   6.6193550380283780E+15
   1.9000000000000000E+09   1.2201419006862748E+18   6.9899446189088560E+15
   2.0000000000000000E+09   1.2840259323761170E+18   7.3567953247878000E+15
   2.1000000000000000E+09   1.3488998302598077E+18   7.7207265784774280E+15
   2.2000000000000000E+09   1.4133360573734203E+18   8.0913962621493660E+15
   2.3000000000000000E+09   1.4778709863564306E+18   8.4612711752395520E+15
   2.4000000000000000E+09   1.5421139906766052E+18   8.8272056278096830E+15
   2.5000000000000000E+09   1.6056512619079068E+18   9.1946162021716760E+15
   2.6000000000000000E+09   1.6697848005391800E+18   9.5633479035307060E+15
   2.7000000000000000E+09   1.7338101396271706E+18   9.9318916227063500E+15
   2.8000000000000000E+09   1.7988717086649068E+18   1.0301169096507002E+16
   2.9000000000000000E+09   1.8631651698340357E+18   1.0670374433360404E+16
   3.0000000000000000E+09   1.9271521963082721E+18   1.1038803629180984E+16
   3.1000000000000000E+09   1.9915200195092173E+18   1.1406392207865238E+16
   3.2000000000000000E+09   2.0559533996473738E+18   1.1765927821858408E+16
   3.3000000000000000E+09   2.1196274775490883E+18   1.2143281647931954E+16
   3.4000000000000000E+09   2.1836971300124091E+18   1.2504490433336856E+16
   3.5000000000000000E+09   2.2483870834470682E+18   1.2877399082598566E+16
   3.6000000000000000E+09   2.3135173096077194E+18   1.3243706861302528E+16
   3.7000000000000000E+09   2.3776069642017592E+18   1.3612481938337922E+16
   3.8000000000000000E+09   2.4407397779565036E+18   1.3985212400728456E+16
   3.9000000000000000E+09   2.5062010963269888E+18   1.4350210151340896E+16
   4.0000000000000000E+09   2.5692331504841846E+18   1.4718535338917320E+16
   4.1000000000000000E+09   2.6345363097265480E+18   1.5086491228897830E+16
   4.2000000000000000E+09   2.6980618612440924E+18   1.5447100595310940E+16
   4.3000000000000000E+09   2.7627606342184438E+18   1.5824747535451288E+16
   4.4000000000000000E+09   2.8269475298096072E+18   1.6188419885526872E+16
   4.5000000000000000E+09   2.8911118436943109E+18   1.6563391634054726E+16
   4.6000000000000000E+09   2.9560201208349727E+18   1.6928405887203086E+16
   4.7000000000000000E+09   3.0196489515544801E+18   1.7293186083863698E+16
   4.8000000000000000E+09   3.0845339524031816E+18   1.7660593933382608E+16
   4.9000000000000000E+09   3.1484522873391416E+18   1.8032358010365832E+16
   5.0000000000000000E+09   3.2115827751617270E+18   1.8395633906363232E+16
   5.1000000000000000E+09   3.2744669222416020E+18   1.8772090479737972E+16
   5.2000000000000000E+09   3.3398592566159739E+18   1.9133356448541172E+16
   5.3000000000000000E+09   3.4051422592400620E+18   1.9504773007914420E+16
   5.4000000000000000E+09   3.4679349363439094E+18   1.9870737977911088E+16
   5.5000000000000000E+09   3.5330861091121377E+18   2.0240849110639832E+16
   5.6000000000000000E+09   3.5980958300104776E+18   2.0609465412591096E+16
   5.7000000000000000E+09   3.6612830944848015E+18   2.0976151250216928E+16
   5.8000000000000000E+09   3.7267228388258140E+18   2.1348143075318136E+16
   5.9000000000000000E+09   3.7906503347353242E+18   2.1713274570685152E+16
   6.0000000000000000E+09   3.8546650577993533E+18   2.2085263651632020E+16
   6.1000000000000000E+09   3.9201312204656471E+18   2.2450896945681296E+16
   6.2000000000000000E+09   3.9834170852454113E+18   2.2820696060467352E+16
   6.3000000000000000E+09   4.0487725223838418E+18   2.3175124783042744E+16
   6.4000000000000000E+09   4.1122950819927368E+18   2.3540045156942736E+16
   6.5000000000000000E+09   4.1772151180610089E+18   2.3915153630513364E+16
   6.6000000000000000E+09   4.2396083462451487E+18   2.4295020335339636E+16
   6.7000000000000000E+09   4.3027350288519142E+18   2.4651182601604156E+16
   6.8000000000000000E+09   4.3677694377199852E+18   2.5017744180032760E+16
   6.9000000000000000E+09   4.4346268457760384E+18   2.5393753270733860E+16
   7.0000000000000000E+09   4.4971851407801160E+18   2.5763838824955928E+16
   7.1000000000000000E+09   4.5615321101537183E+18   2.6125121468189192E+16
   7.2000000000000000E+09   4.6275005081695672E+18   2.6496669614968932E+16
   7.3000000000000000E+09   4.6907025281689385E+18   2.6875564833708112E+16
   7.4000000000000000E+09   4.7556515551940198E+18   2.7234423033381576E+16
   7.5000000000000000E+09   4.8186569959668623E+18   2.7602859505883492E+16
   7.6000000000000000E+09   4.8819558666394778E+18   2.7980124243768848E+16
   7.7000000000000000E+09   4.9469348954448118E+18   2.8342032635449200E+16
   7.8000000000000000E+09   5.0129264098265262E+18   2.8710355105679852E+16
   7.9000000000000000E+09   5.0751523395481528E+18   2.9085281749195172E+16
   8.0000000000000000E+09   5.1389373330140826E+18   2.9447316274094488E+16
   8.1000000000000000E+09   5.2043447677685576E+18   2.9818473194708668E+16
   8.2000000000000000E+09   5.2694949501253468E+18   3.0183564539105612E+16
   8.3000000000000000E+09   5.3322675616242084E+18   3.0540024642325800E+16
   8.4000000000000000E+09   5.3965522740765102E+18   3.0904997037192660E+16
   8.5000000000000000E+09   5.4623987536663030E+18   3.1278790431118132E+16
   8.6000000000000000E+09   5.5259743655920865E+18   3.1660513991465664E+16
   8.7000000000000000E+09   5.5894515870413302E+18   3.2024420375683456E+16
   8.8000000000000000E+09   5.6544040889480612E+18   3.2388073366160612E+16
   8.9000000000000000E+09   5.7199738652171418E+18   3.2760050287274448E+16
   9.0000000000000000E+09   5.7827763288965468E+18   3.3138251039572024E+16
   9.1000000000000000E+09   5.8469731818083994E+18   3.3499481661593068E+16
   9.2000000000000000E+09   5.9126108262329405E+18   3.3868666460495656E+16
   9.3000000000000000E+09   5.9761959743956060E+18   3.4242291451921560E+16
   9.4000000000000000E+09   6.0398118451531172E+18   3.4598478436322052E+16
   9.5000000000000000E+09   6.1047966543237417E+18   3.4962128042432820E+16
   9.6000000000000000E+09   6.1695378215100887E+18   3.5333441727298684E+16
   9.7000000000000000E+09   6.2328321956454420E+18   3.5711945371788228E+16
   9.8000000000000000E+09   6.2974324864781947E+18   3.6077280736989840E+16
   9.9000000000000000E+09   6.3626799763921889E+18   3.6437345129275112E+16
   1.0000000000000000E+10   6.4238060891896556E+18   3.6804481675218192E+16
   1.1000000000000000E+10   7.0669326632571095E+18   4.0497904625755480E+16
   1.2000000000000000E+10   7.7100718118628567E+18   4.4183760837748816E+16
   1.3000000000000000E+10   8.3550841438886052E+18   4.7854984325384536E+16
   1.4000000000000000E+10   8.9952230831503442E+18   5.1539253224106392E+16
   1.5000000000000000E+10   9.6381736630941491E+18   5.5230005534592920E+16
   1.6000000000000000E+10   1.0278853656104348E+19   5.8883957110543960E+16
   1.7000000000000000E+10   1.0926009877554723E+19   6.2584787325283784E+16
   1.8000000000000000E+10   1.1566347770281409E+19   6.6285868151522720E+16
   1.9000000000000000E+10   1.2210733018068550E+19   6.9961684997753392E+16
   2.0000000000000000E+10   1.2849369902409525E+19   7.3642597939553424E+16
   2.1000000000000000E+10   1.3496772094017171E+19   7.7342958942200864E+16
   2.2000000000000000E+10   1.4134774457107499E+19   8.1032857166563120E+16
   2.3000000000000000E+10   1.4777507346544325E+19   8.4702382010066496E+16
   2.4000000000000000E+10   1.5421762580084640E+19   8.8382946170124000E+16
   2.5000000000000000E+10   1.6066260110375889E+19   9.2013575086669152E+16
   2.6000000000000000E+10   1.6712006964825393E+19   9.5770123133439744E+16
   2.7000000000000000E+10   1.7343927145815349E+19   9.9397233001047568E+16
   2.8000000000000000E+10   1.7992610249108759E+19   1.0308816381037627E+17
   2.9000000000000000E+10   1.8638429694290805E+19   1.0681029353237429E+17
   3.0000000000000000E+10   1.9278087699634151E+19   1.1050323222565915E+17
   3.1000000000000000E+10   1.9923802155392094E+19   1.1417502862724602E+17
   3.2000000000000000E+10   2.0559584329140707E+19   1.1785946183708534E+17
   3.3000000000000000E+10   2.1206841967288738E+19   1.2147819161864830E+17
   3.4000000000000000E+10   2.1853949124525523E+19   1.2523085710570296E+17
   3.5000000000000000E+10   2.2491251320464794E+19   1.2888117380512733E+17
   3.6000000000000000E+10   2.3135301439775126E+19   1.3258965372667491E+17
   3.7000000000000000E+10   2.3783733264588722E+19   1.3626578802163094E+17
   3.8000000000000000E+10   2.4423778825904308E+19   1.3992750148777174E+17
   3.9000000000000000E+10   2.5064712482726617E+19   1.4361262916102475E+17
   4.0000000000000000E+10   2.5700062850178916E+19   1.4730969109450202E+17
   4.1000000000000000E+10   2.6332051656326996E+19   1.5097920086673866E+17
   4.2000000000000000E+10   2.6995855162804167E+19   1.5469649538243392E+17
   4.3000000000000000E+10   2.7623942527235031E+19   1.5833802622127517E+17
   4.4000000000000000E+10   2.8272331351225844E+19   1.6208042203134074E+17
   4.5000000000000000E+10   2.8917383970831782E+19   1.6572076601219971E+17
   4.6000000000000000E+10   2.9557553355321692E+19   1.6942203916435408E+17
   4.7000000000000000E+10   3.0208078587435926E+19   1.7311596355760288E+17
   4.8000000000000000E+10   3.0846065568545939E+19   1.7677972858684358E+17
   4.9000000000000000E+10   3.1495412345225208E+19   1.8049097288977990E+17
   5.0000000000000000E+10   3.2135772292955001E+19   1.8404246752712806E+17
   5.1000000000000000E+10   3.2780501980423315E+19   1.8773529259198410E+17
   5.2000000000000000E+10   3.3427519280923103E+19   1.9155847583553712E+17
   5.3000000000000000E+10   3.4051821974728245E+19   1.9513527981481424E+17
   5.4000000000000000E+10   3.4690057682512400E+19   1.9881410611037485E+17
   5.5000000000000000E+10   3.5352603878195905E+19   2.0261820730532416E+17
   5.6000000000000000E+10   3.5987562151140774E+19   2.0619579305355162E+17
   5.7000000000000000E+10   3.6633171224509755E+19   2.0990151143724714E+17
   5.8000000000000000E+10   3.7281260089488482E+19   2.1363816559882192E+17
   5.9000000000000000E+10   3.7924351891362136E+19   2.1726804891220147E+17
   6.0000000000000000E+10   3.8560027444380082E+19   2.2102239061288810E+17
   6.1000000000000000E+10   3.9195183389058507E+19   2.2466195107648083E+17
   6.2000000000000000E+10   3.9851580560442171E+19   2.2837181170389910E+17
   6.3000000000000000E+10   4.0487051346289123E+19   2.3204885984724422E+17
   6.4000000000000000E+10   4.1123344725694505E+19   2.3573835322621555E+17
   6.5000000000000000E+10   4.1779873244222136E+19   2.3938108036042714E+17
   6.6000000000000000E+10   4.2413856929014079E+19   2.4297525210597840E+17
   6.7000000000000000E+10   4.3044550283072987E+19   2.4667210355050643E+17
   6.8000000000000000E+10   4.3694258462365041E+19   2.5048317676321178E+17
   6.9000000000000000E+10   4.4357842584083522E+19   2.5411911526348621E+17
   7.0000000000000000E+10   4.4982144910503141E+19   2.5778230080925891E+17
   7.1000000000000000E+10   4.5624252905939206E+19   2.6155263811780662E+17
   7.2000000000000000E+10   4.6284903845699101E+19   2.6520256158238541E+17
   7.3000000000000000E+10   4.6918193547930903E+19   2.6890215424833645E+17
   7.4000000000000000E+10   4.7557706857655255E+19   2.7254815532847066E+17
   7.5000000000000000E+10   4.8214859592398438E+19   2.7617274868364931E+17
   7.6000000000000000E+10   4.8849639217563697E+19   2.7987803043661472E+17
   7.7000000000000000E+10   4.9491325011331351E+19   2.8368080302641216E+17
   7.8000000000000000E+10   5.0145205643792925E+19   2.8725009039909878E+17
   7.9000000000000000E+10   5.0757868629084381E+19   2.9089870254838438E+17
   8.0000000000000000E+10   5.1385663501010821E+19   2.9464119473379994E+17
   8.1000000000000000E+10   5.2029103843446202E+19   2.9836891757275770E+17
   8.2000000000000000E+10   5.2688862567241417E+19   3.0193068302124563E+17
   8.3000000000000000E+10   5.3361121474972279E+19   3.0557830019793626E+17
   8.4000000000000000E+10   5.3982987403694490E+19   3.0931283440002374E+17
   8.5000000000000000E+10   5.4619453958655320E+19   3.1313079598872512E+17
   8.6000000000000000E+10   5.5271063646770487E+19   3.1675560517590566E+17
   8.7000000000000000E+10   5.5933578443796079E+19   3.2040718913796352E+17
   8.8000000000000000E+10   5.6562791183871640E+19   3.2414227427560838E+17
   8.9000000000000000E+10   5.7206244673664270E+19   3.2782960219608915E+17
   9.0000000000000000E+10   5.7864501721900196E+19   3.3136497014875514E+17
   9.1000000000000000E+10   5.8481541686288425E+19   3.3497551373518106E+17
   9.2000000000000000E+10   5.9111045512372134E+19   3.3866557454162278E+17
   9.3000000000000000E+10   5.9754248944613597E+19   3.4243783967448371E+17
   9.4000000000000000E+10   6.0411604110202102E+19   3.4629309920425101E+17
   9.5000000000000000E+10   6.1075142892352422E+19   3.4985440606748973E+17
   9.6000000000000000E+10   6.1693016472232116E+19   3.5341934315800346E+17
   9.7000000000000000E+10   6.2323482978892169E+19   3.5705767878152922E+17
   9.8000000000000000E+10   6.2966968529671537E+19   3.6077170454159360E+17
   9.9000000000000000E+10   6.3623880593788379E+19   3.6456380719495123E+17
   1.0000000000000000E+11   6.4294643823654732E+19   3.6843647491397395E+17
   1.1000000000000000E+11   6.4294643823660933E+19   3.6843647491397446E+17
