#Time    Z  Density
#fs    A   1/A^3
        0.000000 -1.0000000000000000E+19  0.0000000000000000E+00
        0.000000  0.0000000000000000E+00  0.0000000000000000E+00
        0.000000  1.0000000000000000E+19  0.0000000000000000E+00

       50.000000 -1.0000000000000000E+19  0.0000000000000000E+00
       50.000000  0.0000000000000000E+00  0.0000000000000000E+00
       50.000000  1.0000000000000000E+19  6.8494749999980673E-61

      100.000000 -1.0000000000000000E+19  0.0000000000000000E+00
      100.000000  0.0000000000000000E+00  0.0000000000000000E+00
      100.000000  1.0000000000000000E+19  8.3752499999980794E-61

      150.000000 -1.0000000000000000E+19  0.0000000000000000E+00
      150.000000  0.0000000000000000E+00  0.0000000000000000E+00
      150.000000  1.0000000000000000E+19  9.3418249999980875E-61

      200.000000 -1.0000000000000000E+19  0.0000000000000000E+00
      200.000000  0.0000000000000000E+00  0.0000000000000000E+00
      200.000000  1.0000000000000000E+19  1.0060174999998093E-60

      250.000000 -1.0000000000000000E+19  0.0000000000000000E+00
      250.000000  0.0000000000000000E+00  0.0000000000000000E+00
      250.000000  1.0000000000000000E+19  1.0655099999998098E-60

      300.000000 -1.0000000000000000E+19  0.0000000000000000E+00
      300.000000  0.0000000000000000E+00  0.0000000000000000E+00
      300.000000  1.0000000000000000E+19  1.1173124999998101E-60

