#Time    X  Energy
#fs    A   eV/A^3
        0.000000 -1.0000000000000000E+19  0.0000000000000000E+00
        0.000000  0.0000000000000000E+00  0.0000000000000000E+00
        0.000000  1.0000000000000000E+19  0.0000000000000000E+00

       50.000000 -1.0000000000000000E+19  0.0000000000000000E+00
       50.000000  0.0000000000000000E+00  0.0000000000000000E+00
       50.000000  1.0000000000000000E+19  5.7153963999999809E-61

      100.000000 -1.0000000000000000E+19  0.0000000000000000E+00
      100.000000  0.0000000000000000E+00  0.0000000000000000E+00
      100.000000  1.0000000000000000E+19  5.8581490499999774E-61

      150.000000 -1.0000000000000000E+19  0.0000000000000000E+00
      150.000000  0.0000000000000000E+00  0.0000000000000000E+00
      150.000000  1.0000000000000000E+19  5.9183044499999763E-61

      200.000000 -1.0000000000000000E+19  0.0000000000000000E+00
      200.000000  0.0000000000000000E+00  0.0000000000000000E+00
      200.000000  1.0000000000000000E+19  5.9491722499999781E-61

      250.000000 -1.0000000000000000E+19  0.0000000000000000E+00
      250.000000  0.0000000000000000E+00  0.0000000000000000E+00
      250.000000  1.0000000000000000E+19  5.9672610499999784E-61

      300.000000 -1.0000000000000000E+19  0.0000000000000000E+00
      300.000000  0.0000000000000000E+00  0.0000000000000000E+00
      300.000000  1.0000000000000000E+19  5.9795407499999781E-61

