#Time    E Distribution
#fs    eV 1/eV
        0.000000  0.0000000000000000E+00  0.0000000000000000E+00
        0.000000  1.0000000000000001E-01  0.0000000000000000E+00
        0.000000  2.0000000000000001E-01  0.0000000000000000E+00
        0.000000  3.0000000000000004E-01  0.0000000000000000E+00
        0.000000  4.0000000000000002E-01  0.0000000000000000E+00
        0.000000  5.0000000000000000E-01  0.0000000000000000E+00
        0.000000  5.9999999999999998E-01  0.0000000000000000E+00
        0.000000  6.9999999999999996E-01  0.0000000000000000E+00
        0.000000  7.9999999999999993E-01  0.0000000000000000E+00
        0.000000  8.9999999999999991E-01  0.0000000000000000E+00
        0.000000  9.9999999999999989E-01  0.0000000000000000E+00
        0.000000  1.0999999999999999E+00  0.0000000000000000E+00
        0.000000  1.2000000000000000E+00  0.0000000000000000E+00
        0.000000  1.3000000000000000E+00  0.0000000000000000E+00
        0.000000  1.4000000000000001E+00  0.0000000000000000E+00
        0.000000  1.5000000000000002E+00  0.0000000000000000E+00
        0.000000  1.6000000000000003E+00  0.0000000000000000E+00
        0.000000  1.7000000000000004E+00  0.0000000000000000E+00
        0.000000  1.8000000000000005E+00  0.0000000000000000E+00
        0.000000  1.9000000000000006E+00  0.0000000000000000E+00
        0.000000  2.0000000000000004E+00  0.0000000000000000E+00
        0.000000  2.1000000000000005E+00  0.0000000000000000E+00
        0.000000  2.2000000000000006E+00  0.0000000000000000E+00
        0.000000  2.3000000000000007E+00  0.0000000000000000E+00
        0.000000  2.4000000000000008E+00  0.0000000000000000E+00
        0.000000  2.5000000000000009E+00  0.0000000000000000E+00
        0.000000  2.6000000000000010E+00  0.0000000000000000E+00
        0.000000  2.7000000000000011E+00  0.0000000000000000E+00
        0.000000  2.8000000000000012E+00  0.0000000000000000E+00
        0.000000  2.9000000000000012E+00  0.0000000000000000E+00
        0.000000  3.0000000000000013E+00  0.0000000000000000E+00
        0.000000  3.1000000000000014E+00  0.0000000000000000E+00
        0.000000  3.2000000000000015E+00  0.0000000000000000E+00
        0.000000  3.3000000000000016E+00  0.0000000000000000E+00
        0.000000  3.4000000000000017E+00  0.0000000000000000E+00
        0.000000  3.5000000000000018E+00  0.0000000000000000E+00
        0.000000  3.6000000000000019E+00  0.0000000000000000E+00
        0.000000  3.7000000000000020E+00  0.0000000000000000E+00
        0.000000  3.8000000000000020E+00  0.0000000000000000E+00
        0.000000  3.9000000000000021E+00  0.0000000000000000E+00
        0.000000  4.0000000000000018E+00  0.0000000000000000E+00
        0.000000  4.1000000000000014E+00  0.0000000000000000E+00
        0.000000  4.2000000000000011E+00  0.0000000000000000E+00
        0.000000  4.3000000000000007E+00  0.0000000000000000E+00
        0.000000  4.4000000000000004E+00  0.0000000000000000E+00
        0.000000  4.5000000000000000E+00  0.0000000000000000E+00
        0.000000  4.5999999999999996E+00  0.0000000000000000E+00
        0.000000  4.6999999999999993E+00  0.0000000000000000E+00
        0.000000  4.7999999999999989E+00  0.0000000000000000E+00
        0.000000  4.8999999999999986E+00  0.0000000000000000E+00
        0.000000  4.9999999999999982E+00  0.0000000000000000E+00
        0.000000  5.0999999999999979E+00  0.0000000000000000E+00
        0.000000  5.1999999999999975E+00  0.0000000000000000E+00
        0.000000  5.2999999999999972E+00  0.0000000000000000E+00
        0.000000  5.3999999999999968E+00  0.0000000000000000E+00
        0.000000  5.4999999999999964E+00  0.0000000000000000E+00
        0.000000  5.5999999999999961E+00  0.0000000000000000E+00
        0.000000  5.6999999999999957E+00  0.0000000000000000E+00
        0.000000  5.7999999999999954E+00  0.0000000000000000E+00
        0.000000  5.8999999999999950E+00  0.0000000000000000E+00
        0.000000  5.9999999999999947E+00  0.0000000000000000E+00
        0.000000  6.0999999999999943E+00  0.0000000000000000E+00
        0.000000  6.1999999999999940E+00  0.0000000000000000E+00
        0.000000  6.2999999999999936E+00  0.0000000000000000E+00
        0.000000  6.3999999999999932E+00  0.0000000000000000E+00
        0.000000  6.4999999999999929E+00  0.0000000000000000E+00
        0.000000  6.5999999999999925E+00  0.0000000000000000E+00
        0.000000  6.6999999999999922E+00  0.0000000000000000E+00
        0.000000  6.7999999999999918E+00  0.0000000000000000E+00
        0.000000  6.8999999999999915E+00  0.0000000000000000E+00
        0.000000  6.9999999999999911E+00  0.0000000000000000E+00
        0.000000  7.0999999999999908E+00  0.0000000000000000E+00
        0.000000  7.1999999999999904E+00  0.0000000000000000E+00
        0.000000  7.2999999999999901E+00  0.0000000000000000E+00
        0.000000  7.3999999999999897E+00  0.0000000000000000E+00
        0.000000  7.4999999999999893E+00  0.0000000000000000E+00
        0.000000  7.5999999999999890E+00  0.0000000000000000E+00
        0.000000  7.6999999999999886E+00  0.0000000000000000E+00
        0.000000  7.7999999999999883E+00  0.0000000000000000E+00
        0.000000  7.8999999999999879E+00  0.0000000000000000E+00
        0.000000  7.9999999999999876E+00  0.0000000000000000E+00
        0.000000  8.0999999999999872E+00  0.0000000000000000E+00
        0.000000  8.1999999999999869E+00  0.0000000000000000E+00
        0.000000  8.2999999999999865E+00  0.0000000000000000E+00
        0.000000  8.3999999999999861E+00  0.0000000000000000E+00
        0.000000  8.4999999999999858E+00  0.0000000000000000E+00
        0.000000  8.5999999999999854E+00  0.0000000000000000E+00
        0.000000  8.6999999999999851E+00  0.0000000000000000E+00
        0.000000  8.7999999999999847E+00  0.0000000000000000E+00
        0.000000  8.8999999999999844E+00  0.0000000000000000E+00
        0.000000  8.9999999999999840E+00  0.0000000000000000E+00
        0.000000  9.0999999999999837E+00  0.0000000000000000E+00
        0.000000  9.1999999999999833E+00  0.0000000000000000E+00
        0.000000  9.2999999999999829E+00  0.0000000000000000E+00
        0.000000  9.3999999999999826E+00  0.0000000000000000E+00
        0.000000  9.4999999999999822E+00  0.0000000000000000E+00
        0.000000  9.5999999999999819E+00  0.0000000000000000E+00
        0.000000  9.6999999999999815E+00  0.0000000000000000E+00
        0.000000  9.7999999999999812E+00  0.0000000000000000E+00
        0.000000  9.8999999999999808E+00  0.0000000000000000E+00
        0.000000  9.9999999999999805E+00  0.0000000000000000E+00
        0.000000  1.0099999999999980E+01  0.0000000000000000E+00
        0.000000  1.0199999999999980E+01  0.0000000000000000E+00
        0.000000  1.0299999999999979E+01  0.0000000000000000E+00
        0.000000  1.0399999999999979E+01  0.0000000000000000E+00
        0.000000  1.0499999999999979E+01  0.0000000000000000E+00
        0.000000  1.0599999999999978E+01  0.0000000000000000E+00
        0.000000  1.0699999999999978E+01  0.0000000000000000E+00
        0.000000  1.0799999999999978E+01  0.0000000000000000E+00
        0.000000  1.0899999999999977E+01  0.0000000000000000E+00
        0.000000  1.0999999999999977E+01  0.0000000000000000E+00
        0.000000  1.1099999999999977E+01  0.0000000000000000E+00
        0.000000  1.1199999999999976E+01  0.0000000000000000E+00
        0.000000  1.1299999999999976E+01  0.0000000000000000E+00
        0.000000  1.1399999999999975E+01  0.0000000000000000E+00
        0.000000  1.1499999999999975E+01  0.0000000000000000E+00
        0.000000  1.1599999999999975E+01  0.0000000000000000E+00
        0.000000  1.1699999999999974E+01  0.0000000000000000E+00
        0.000000  1.1799999999999974E+01  0.0000000000000000E+00
        0.000000  1.1899999999999974E+01  0.0000000000000000E+00
        0.000000  1.1999999999999973E+01  0.0000000000000000E+00
        0.000000  1.2099999999999973E+01  0.0000000000000000E+00
        0.000000  1.2199999999999973E+01  0.0000000000000000E+00
        0.000000  1.2299999999999972E+01  0.0000000000000000E+00
        0.000000  1.2399999999999972E+01  0.0000000000000000E+00
        0.000000  1.2499999999999972E+01  0.0000000000000000E+00
        0.000000  1.2599999999999971E+01  0.0000000000000000E+00
        0.000000  1.2699999999999971E+01  0.0000000000000000E+00
        0.000000  1.2799999999999971E+01  0.0000000000000000E+00
        0.000000  1.2899999999999970E+01  0.0000000000000000E+00
        0.000000  1.2999999999999970E+01  0.0000000000000000E+00
        0.000000  1.3099999999999969E+01  0.0000000000000000E+00
        0.000000  1.3199999999999969E+01  0.0000000000000000E+00
        0.000000  1.3299999999999969E+01  0.0000000000000000E+00
        0.000000  1.3399999999999968E+01  0.0000000000000000E+00
        0.000000  1.3499999999999968E+01  0.0000000000000000E+00
        0.000000  1.3599999999999968E+01  0.0000000000000000E+00
        0.000000  1.3699999999999967E+01  0.0000000000000000E+00
        0.000000  1.3799999999999967E+01  0.0000000000000000E+00
        0.000000  1.3899999999999967E+01  0.0000000000000000E+00
        0.000000  1.3999999999999966E+01  0.0000000000000000E+00
        0.000000  1.4099999999999966E+01  0.0000000000000000E+00
        0.000000  1.4199999999999966E+01  0.0000000000000000E+00
        0.000000  1.4299999999999965E+01  0.0000000000000000E+00
        0.000000  1.4399999999999965E+01  0.0000000000000000E+00
        0.000000  1.4499999999999964E+01  0.0000000000000000E+00
        0.000000  1.4599999999999964E+01  0.0000000000000000E+00
        0.000000  1.4699999999999964E+01  0.0000000000000000E+00
        0.000000  1.4799999999999963E+01  0.0000000000000000E+00
        0.000000  1.4899999999999963E+01  0.0000000000000000E+00
        0.000000  1.4999999999999963E+01  0.0000000000000000E+00
        0.000000  1.5099999999999962E+01  0.0000000000000000E+00
        0.000000  1.5199999999999962E+01  0.0000000000000000E+00
        0.000000  1.5299999999999962E+01  0.0000000000000000E+00
        0.000000  1.5399999999999961E+01  0.0000000000000000E+00
        0.000000  1.5499999999999961E+01  0.0000000000000000E+00
        0.000000  1.5599999999999961E+01  0.0000000000000000E+00
        0.000000  1.5699999999999960E+01  0.0000000000000000E+00
        0.000000  1.5799999999999960E+01  0.0000000000000000E+00
        0.000000  1.5899999999999959E+01  0.0000000000000000E+00

       50.000000  0.0000000000000000E+00  0.0000000000000000E+00
       50.000000  1.0000000000000001E-01  2.1429089491036895E-03
       50.000000  2.0000000000000001E-01  2.4094763639977363E-03
       50.000000  3.0000000000000004E-01  3.2591399875571588E-03
       50.000000  4.0000000000000002E-01  2.1778708210402017E-03
       50.000000  5.0000000000000000E-01  1.8939554763021888E-03
       50.000000  5.9999999999999998E-01  8.5439161894526453E-04
       50.000000  6.9999999999999996E-01  1.3691675739203868E-03
       50.000000  7.9999999999999993E-01  1.0554376424205712E-03
       50.000000  8.9999999999999991E-01  1.0145763067805201E-03
       50.000000  9.9999999999999989E-01  9.8343710363922045E-04
       50.000000  1.0999999999999999E+00  8.1082205492953596E-04
       50.000000  1.2000000000000000E+00  6.9428858123973141E-04
       50.000000  1.3000000000000000E+00  6.2717627085863772E-04
       50.000000  1.4000000000000001E+00  6.5684251754412554E-04
       50.000000  1.5000000000000002E+00  6.2795980543065997E-04
       50.000000  1.6000000000000003E+00  6.1125289294132630E-04
       50.000000  1.7000000000000004E+00  5.3223760676289901E-04
       50.000000  1.8000000000000005E+00  5.4108928374661943E-04
       50.000000  1.9000000000000006E+00  5.9732114239501781E-04
       50.000000  2.0000000000000004E+00  5.9823877837188589E-04
       50.000000  2.1000000000000005E+00  5.3235541923191381E-04
       50.000000  2.2000000000000006E+00  5.4553259394643787E-04
       50.000000  2.3000000000000007E+00  9.8527548918517184E-04
       50.000000  2.4000000000000008E+00  7.6442489489267590E-04
       50.000000  2.5000000000000009E+00  7.4765397837942200E-04
       50.000000  2.6000000000000010E+00  6.3931330611701398E-04
       50.000000  2.7000000000000011E+00  6.1250520108172837E-04
       50.000000  2.8000000000000012E+00  6.8432080882292929E-04
       50.000000  2.9000000000000012E+00  6.2647714076342030E-04
       50.000000  3.0000000000000013E+00  5.7413219776925137E-04
       50.000000  3.1000000000000014E+00  5.7882003733031751E-04
       50.000000  3.2000000000000015E+00  6.0017822293320048E-04
       50.000000  3.3000000000000016E+00  6.4733051285659584E-04
       50.000000  3.4000000000000017E+00  5.6089769553444968E-04
       50.000000  3.5000000000000018E+00  4.9664370586488592E-04
       50.000000  3.6000000000000019E+00  5.6779958615167214E-04
       50.000000  3.7000000000000020E+00  5.6079227879328117E-04
       50.000000  3.8000000000000020E+00  4.9022410191101092E-04
       50.000000  3.9000000000000021E+00  5.2368363534931422E-04
       50.000000  4.0000000000000018E+00  4.8844059861944094E-04
       50.000000  4.1000000000000014E+00  5.0616228522341563E-04
       50.000000  4.2000000000000011E+00  5.3134483271286860E-04
       50.000000  4.3000000000000007E+00  4.9913308887423438E-04
       50.000000  4.4000000000000004E+00  5.3512837936506177E-04
       50.000000  4.5000000000000000E+00  6.0012902690293867E-04
       50.000000  4.5999999999999996E+00  4.1798289999922598E-04
       50.000000  4.6999999999999993E+00  4.7840663769818930E-04
       50.000000  4.7999999999999989E+00  4.6898355950135293E-04
       50.000000  4.8999999999999986E+00  5.4257825611831140E-04
       50.000000  4.9999999999999982E+00  5.4605993840181339E-04
       50.000000  5.0999999999999979E+00  4.7211527307452317E-04
       50.000000  5.1999999999999975E+00  4.4596507191228032E-04
       50.000000  5.2999999999999972E+00  4.0029438167611680E-04
       50.000000  5.3999999999999968E+00  4.4184333434023988E-04
       50.000000  5.4999999999999964E+00  4.3680899607153294E-04
       50.000000  5.5999999999999961E+00  3.9716108998724892E-04
       50.000000  5.6999999999999957E+00  3.6312075966054089E-04
       50.000000  5.7999999999999954E+00  3.2628262611652484E-04
       50.000000  5.8999999999999950E+00  2.2646061535008645E-04
       50.000000  5.9999999999999947E+00  2.3129424663108616E-04
       50.000000  6.0999999999999943E+00  1.4940642028250439E-04
       50.000000  6.1999999999999940E+00  1.4237219194858226E-04
       50.000000  6.2999999999999936E+00  1.6615178444706366E-04
       50.000000  6.3999999999999932E+00  1.7169482034357921E-04
       50.000000  6.4999999999999929E+00  1.1652252963119539E-04
       50.000000  6.5999999999999925E+00  1.4051139747354294E-04
       50.000000  6.6999999999999922E+00  1.4307673286465905E-04
       50.000000  6.7999999999999918E+00  1.5265312794584957E-04
       50.000000  6.8999999999999915E+00  1.6859877865960844E-04
       50.000000  6.9999999999999911E+00  1.6660843711896063E-04
       50.000000  7.0999999999999908E+00  1.8582205727073875E-04
       50.000000  7.1999999999999904E+00  2.3290359351055688E-04
       50.000000  7.2999999999999901E+00  2.2498327148651968E-04
       50.000000  7.3999999999999897E+00  2.5876019798055493E-04
       50.000000  7.4999999999999893E+00  3.1275313039724577E-04
       50.000000  7.5999999999999890E+00  2.7390487102847542E-04
       50.000000  7.6999999999999886E+00  2.9561840140647960E-04
       50.000000  7.7999999999999883E+00  2.2069436550721457E-04
       50.000000  7.8999999999999879E+00  1.8092386069607159E-04
       50.000000  7.9999999999999876E+00  1.1149133318521903E-04
       50.000000  8.0999999999999872E+00  9.0426663206075281E-05
       50.000000  8.1999999999999869E+00  6.0202379921420377E-05
       50.000000  8.2999999999999865E+00  6.8209928959929201E-05
       50.000000  8.3999999999999861E+00  2.3637699289015159E-05
       50.000000  8.4999999999999858E+00  2.8882797757797859E-05
       50.000000  8.5999999999999854E+00  2.2832910338715371E-05
       50.000000  8.6999999999999851E+00  2.6394034886682036E-05
       50.000000  8.7999999999999847E+00  3.0280085110967568E-05
       50.000000  8.8999999999999844E+00  2.8294695500577954E-05
       50.000000  8.9999999999999840E+00  1.0366022866022901E-05
       50.000000  9.0999999999999837E+00  7.1202811077811332E-05
       50.000000  9.1999999999999833E+00  5.8098561955760298E-05
       50.000000  9.2999999999999829E+00  6.7153892001718310E-05
       50.000000  9.3999999999999826E+00  1.0738260655752953E-04
       50.000000  9.4999999999999822E+00  5.6728606747569799E-05
       50.000000  9.5999999999999819E+00  3.9522364890012091E-05
       50.000000  9.6999999999999815E+00  4.8816667379748051E-05
       50.000000  9.7999999999999812E+00  6.7696716252444044E-05
       50.000000  9.8999999999999808E+00  9.2491951001542116E-05
       50.000000  9.9999999999999805E+00  1.4187627443935542E-04
       50.000000  1.0099999999999980E+01  9.9780288410084169E-05
       50.000000  1.0199999999999980E+01  9.0173684330805394E-05
       50.000000  1.0299999999999979E+01  8.6654602391596241E-05
       50.000000  1.0399999999999979E+01  1.0731886431422073E-04
       50.000000  1.0499999999999979E+01  1.0738613681005025E-04
       50.000000  1.0599999999999978E+01  1.1292279498331834E-04
       50.000000  1.0699999999999978E+01  1.3348686912502747E-04
       50.000000  1.0799999999999978E+01  1.3420575345706969E-04
       50.000000  1.0899999999999977E+01  1.1922455992579874E-04
       50.000000  1.0999999999999977E+01  1.1378947540247889E-04
       50.000000  1.1099999999999977E+01  9.8986793435323198E-05
       50.000000  1.1199999999999976E+01  1.0841070331681490E-04
       50.000000  1.1299999999999976E+01  9.9706392420789057E-05
       50.000000  1.1399999999999975E+01  1.1744440483836808E-04
       50.000000  1.1499999999999975E+01  1.7227197961137649E-04
       50.000000  1.1599999999999975E+01  1.2954929934186948E-04
       50.000000  1.1699999999999974E+01  1.2894651427004412E-04
       50.000000  1.1799999999999974E+01  1.1155807569623399E-04
       50.000000  1.1899999999999974E+01  9.0744388351586821E-05
       50.000000  1.1999999999999973E+01  7.7517982017982282E-05
       50.000000  1.2099999999999973E+01  1.1224165132253407E-04
       50.000000  1.2199999999999973E+01  1.3092194207805371E-04
       50.000000  1.2299999999999972E+01  8.9431247673895043E-05
       50.000000  1.2399999999999972E+01  5.7899788936553845E-05
       50.000000  1.2499999999999972E+01  6.6551855282660470E-05
       50.000000  1.2599999999999971E+01  7.1964890072088466E-05
       50.000000  1.2699999999999971E+01  8.4117472998278262E-05
       50.000000  1.2799999999999971E+01  9.4882879976920545E-05
       50.000000  1.2899999999999970E+01  4.9657120657120826E-05
       50.000000  1.2999999999999970E+01  3.9697422460580498E-05
       50.000000  1.3099999999999969E+01  9.5877237528553647E-05
       50.000000  1.3199999999999969E+01  5.5138152482192921E-05
       50.000000  1.3299999999999969E+01  5.2103206290277408E-05
       50.000000  1.3399999999999968E+01  6.7361434317316900E-05
       50.000000  1.3499999999999968E+01  5.2756497587380121E-05
       50.000000  1.3599999999999968E+01  5.1821806246729031E-05
       50.000000  1.3699999999999967E+01  4.2362193362193511E-05
       50.000000  1.3799999999999967E+01  6.1925360587125508E-05
       50.000000  1.3899999999999967E+01  3.9452588046628435E-05
       50.000000  1.3999999999999966E+01  3.2847577259342079E-05
       50.000000  1.4099999999999966E+01  3.2966815047697522E-05
       50.000000  1.4199999999999966E+01  5.1674034299034472E-05
       50.000000  1.4299999999999965E+01  2.7845663108821100E-05
       50.000000  1.4399999999999965E+01  4.0649113743154127E-05
       50.000000  1.4499999999999964E+01  3.0405404092475137E-05
       50.000000  1.4599999999999964E+01  3.1531496281496394E-05
       50.000000  1.4699999999999964E+01  1.7492035742035804E-05
       50.000000  1.4799999999999963E+01  2.0510313216195641E-05
       50.000000  1.4899999999999963E+01  2.3246753246753329E-05
       50.000000  1.4999999999999963E+01  1.0001405457287844E-05
       50.000000  1.5099999999999962E+01  1.6850940725940783E-05
       50.000000  1.5199999999999962E+01  1.8056637806637869E-05
       50.000000  1.5299999999999962E+01  1.8410575535575600E-05
       50.000000  1.5399999999999961E+01  1.9951270951271018E-05
       50.000000  1.5499999999999961E+01  1.7641806722689138E-05
       50.000000  1.5599999999999961E+01  7.3349657588788278E-06
       50.000000  1.5699999999999960E+01  8.7424242424242720E-06
       50.000000  1.5799999999999960E+01  0.0000000000000000E+00
       50.000000  1.5899999999999959E+01  0.0000000000000000E+00

      100.000000  0.0000000000000000E+00  0.0000000000000000E+00
      100.000000  1.0000000000000001E-01  3.0746265387368060E-03
      100.000000  2.0000000000000001E-01  3.0783271044189839E-03
      100.000000  3.0000000000000004E-01  3.6938013528091339E-03
      100.000000  4.0000000000000002E-01  2.2514953984897716E-03
      100.000000  5.0000000000000000E-01  1.9299828981372783E-03
      100.000000  5.9999999999999998E-01  8.3004409958231207E-04
      100.000000  6.9999999999999996E-01  1.3394432761153665E-03
      100.000000  7.9999999999999993E-01  1.0055291764946035E-03
      100.000000  8.9999999999999991E-01  9.6617789077220451E-04
      100.000000  9.9999999999999989E-01  9.2557933253849137E-04
      100.000000  1.0999999999999999E+00  7.5718055730657479E-04
      100.000000  1.2000000000000000E+00  6.5300479747502514E-04
      100.000000  1.3000000000000000E+00  5.8980810432889160E-04
      100.000000  1.4000000000000001E+00  6.1594275233848412E-04
      100.000000  1.5000000000000002E+00  5.8869099743449568E-04
      100.000000  1.6000000000000003E+00  5.7295871376134824E-04
      100.000000  1.7000000000000004E+00  4.9890682272153589E-04
      100.000000  1.8000000000000005E+00  5.0934165638744794E-04
      100.000000  1.9000000000000006E+00  5.6115582485807998E-04
      100.000000  2.0000000000000004E+00  5.6297379560895679E-04
      100.000000  2.1000000000000005E+00  5.0008647852395306E-04
      100.000000  2.2000000000000006E+00  5.1433127182402621E-04
      100.000000  2.3000000000000007E+00  9.2044943255051249E-04
      100.000000  2.4000000000000008E+00  7.1972443725379126E-04
      100.000000  2.5000000000000009E+00  7.0658815779599813E-04
      100.000000  2.6000000000000010E+00  6.0248790467246473E-04
      100.000000  2.7000000000000011E+00  5.7717143438826312E-04
      100.000000  2.8000000000000012E+00  6.4528971334196098E-04
      100.000000  2.9000000000000012E+00  5.8984571571671167E-04
      100.000000  3.0000000000000013E+00  5.4164422834597438E-04
      100.000000  3.1000000000000014E+00  5.4841270733711213E-04
      100.000000  3.2000000000000015E+00  5.6851535560886398E-04
      100.000000  3.3000000000000016E+00  6.1168563365387237E-04
      100.000000  3.4000000000000017E+00  5.3107649754138896E-04
      100.000000  3.5000000000000018E+00  4.6986681071741263E-04
      100.000000  3.6000000000000019E+00  5.3766213006233000E-04
      100.000000  3.7000000000000020E+00  5.2980429964137013E-04
      100.000000  3.8000000000000020E+00  4.6437615475949993E-04
      100.000000  3.9000000000000021E+00  4.9504783316219557E-04
      100.000000  4.0000000000000018E+00  4.6290747177020079E-04
      100.000000  4.1000000000000014E+00  4.8103045866093212E-04
      100.000000  4.2000000000000011E+00  5.0262630560786610E-04
      100.000000  4.3000000000000007E+00  4.7432333900423085E-04
      100.000000  4.4000000000000004E+00  5.0869357220679914E-04
      100.000000  4.5000000000000000E+00  5.7205639089016674E-04
      100.000000  4.5999999999999996E+00  3.9688007428911794E-04
      100.000000  4.6999999999999993E+00  4.5327703880314844E-04
      100.000000  4.7999999999999989E+00  4.4429964610590353E-04
      100.000000  4.8999999999999986E+00  5.1549393707996680E-04
      100.000000  4.9999999999999982E+00  5.2012266542952553E-04
      100.000000  5.0999999999999979E+00  4.5140850890840634E-04
      100.000000  5.1999999999999975E+00  4.2541679692706901E-04
      100.000000  5.2999999999999972E+00  3.8345545694639922E-04
      100.000000  5.3999999999999968E+00  4.2220096971349642E-04
      100.000000  5.4999999999999964E+00  4.1750575462810776E-04
      100.000000  5.5999999999999961E+00  3.7821628777239355E-04
      100.000000  5.6999999999999957E+00  3.4485425317405178E-04
      100.000000  5.7999999999999954E+00  3.1155293098652001E-04
      100.000000  5.8999999999999950E+00  2.1170605235937119E-04
      100.000000  5.9999999999999947E+00  2.2153806121290380E-04
      100.000000  6.0999999999999943E+00  1.4208921124268459E-04
      100.000000  6.1999999999999940E+00  1.3571861261186925E-04
      100.000000  6.2999999999999936E+00  1.5994267961141082E-04
      100.000000  6.3999999999999932E+00  1.6467219379572042E-04
      100.000000  6.4999999999999929E+00  1.0907544462412584E-04
      100.000000  6.5999999999999925E+00  1.3341690990505481E-04
      100.000000  6.6999999999999922E+00  1.3586550678423791E-04
      100.000000  6.7999999999999918E+00  1.4493163803462443E-04
      100.000000  6.8999999999999915E+00  1.5859604754837008E-04
      100.000000  6.9999999999999911E+00  1.5811664013025959E-04
      100.000000  7.0999999999999908E+00  1.7572030572502096E-04
      100.000000  7.1999999999999904E+00  2.2147787043986139E-04
      100.000000  7.2999999999999901E+00  2.1158258969721218E-04
      100.000000  7.3999999999999897E+00  2.4620909502944856E-04
      100.000000  7.4999999999999893E+00  2.9717134273174651E-04
      100.000000  7.5999999999999890E+00  2.5842918128358722E-04
      100.000000  7.6999999999999886E+00  2.8154672933842503E-04
      100.000000  7.7999999999999883E+00  2.0968118336771660E-04
      100.000000  7.8999999999999879E+00  1.6970685152929122E-04
      100.000000  7.9999999999999876E+00  1.0513867500748343E-04
      100.000000  8.0999999999999872E+00  8.4926439846553893E-05
      100.000000  8.1999999999999869E+00  5.6995138031902937E-05
      100.000000  8.2999999999999865E+00  6.4674458281656653E-05
      100.000000  8.3999999999999861E+00  2.2367079987436103E-05
      100.000000  8.4999999999999858E+00  2.7583562464367515E-05
      100.000000  8.5999999999999854E+00  2.1887580230227362E-05
      100.000000  8.6999999999999851E+00  2.5181549444707429E-05
      100.000000  8.7999999999999847E+00  2.9123015873015971E-05
      100.000000  8.8999999999999844E+00  2.7012301424066227E-05
      100.000000  8.9999999999999840E+00  9.8111697670521564E-06
      100.000000  9.0999999999999837E+00  6.8786931234193126E-05
      100.000000  9.1999999999999833E+00  5.4785772835695631E-05
      100.000000  9.2999999999999829E+00  6.3113419004979330E-05
      100.000000  9.3999999999999826E+00  1.0276207661671757E-04
      100.000000  9.4999999999999822E+00  5.3290647321375071E-05
      100.000000  9.5999999999999819E+00  3.7433490314295396E-05
      100.000000  9.6999999999999815E+00  4.6358236319923786E-05
      100.000000  9.7999999999999812E+00  6.3531655893649653E-05
      100.000000  9.8999999999999808E+00  8.7516344094975434E-05
      100.000000  9.9999999999999805E+00  1.3532508219783136E-04
      100.000000  1.0099999999999980E+01  9.5998793546158930E-05
      100.000000  1.0199999999999980E+01  8.6224184411407091E-05
      100.000000  1.0299999999999979E+01  7.9603065162578841E-05
      100.000000  1.0399999999999979E+01  1.0243890930004506E-04
      100.000000  1.0499999999999979E+01  1.0265776426240521E-04
      100.000000  1.0599999999999978E+01  1.1024737438568411E-04
      100.000000  1.0699999999999978E+01  1.2773199590227500E-04
      100.000000  1.0799999999999978E+01  1.2952657871311167E-04
      100.000000  1.0899999999999977E+01  1.1274415797480852E-04
      100.000000  1.0999999999999977E+01  1.0815848912869075E-04
      100.000000  1.1099999999999977E+01  9.4240686171414060E-05
      100.000000  1.1199999999999976E+01  1.0268534401614933E-04
      100.000000  1.1299999999999976E+01  9.4270303926566874E-05
      100.000000  1.1399999999999975E+01  1.1167086418278071E-04
      100.000000  1.1499999999999975E+01  1.6704099681708100E-04
      100.000000  1.1599999999999975E+01  1.2456166928187095E-04
      100.000000  1.1699999999999974E+01  1.2260247286253521E-04
      100.000000  1.1799999999999974E+01  1.0690597672245981E-04
      100.000000  1.1899999999999974E+01  8.6571188542466939E-05
      100.000000  1.1999999999999973E+01  7.4833413346722945E-05
      100.000000  1.2099999999999973E+01  1.0736447088343410E-04
      100.000000  1.2199999999999973E+01  1.2611043250919122E-04
      100.000000  1.2299999999999972E+01  8.6553968692126888E-05
      100.000000  1.2399999999999972E+01  5.3575872656755202E-05
      100.000000  1.2499999999999972E+01  6.2662127331396624E-05
      100.000000  1.2599999999999971E+01  6.8529537413051581E-05
      100.000000  1.2699999999999971E+01  8.0763131862977351E-05
      100.000000  1.2799999999999971E+01  9.1616862497667781E-05
      100.000000  1.2899999999999970E+01  4.7184133676780902E-05
      100.000000  1.2999999999999970E+01  3.7872551854750129E-05
      100.000000  1.3099999999999969E+01  9.4067904449015959E-05
      100.000000  1.3199999999999969E+01  5.3030035599076034E-05
      100.000000  1.3299999999999969E+01  5.0906407919565995E-05
      100.000000  1.3399999999999968E+01  6.5201963671004148E-05
      100.000000  1.3499999999999968E+01  5.1465796028876709E-05
      100.000000  1.3599999999999968E+01  4.8964722826716539E-05
      100.000000  1.3699999999999967E+01  4.0605893074933459E-05
      100.000000  1.3799999999999967E+01  5.7998928960616475E-05
      100.000000  1.3899999999999967E+01  3.7560993530033912E-05
      100.000000  1.3999999999999966E+01  3.1259987948068548E-05
      100.000000  1.4099999999999966E+01  3.1299356760034620E-05
      100.000000  1.4199999999999966E+01  4.9755785135580709E-05
      100.000000  1.4299999999999965E+01  2.5671656845569976E-05
      100.000000  1.4399999999999965E+01  3.8686106834865209E-05
      100.000000  1.4499999999999964E+01  2.8980791811674266E-05
      100.000000  1.4599999999999964E+01  3.0104301529224232E-05
      100.000000  1.4699999999999964E+01  1.7270424020424084E-05
      100.000000  1.4799999999999963E+01  1.9823406985171760E-05
      100.000000  1.4899999999999963E+01  2.2498168498168574E-05
      100.000000  1.4999999999999963E+01  9.6243011374590661E-06
      100.000000  1.5099999999999962E+01  1.6360861360861421E-05
      100.000000  1.5199999999999962E+01  1.6392255691168791E-05
      100.000000  1.5299999999999962E+01  1.7687087912087971E-05
      100.000000  1.5399999999999961E+01  1.9185758685758752E-05
      100.000000  1.5499999999999961E+01  1.6990924709965018E-05
      100.000000  1.5599999999999961E+01  7.0918498168498424E-06
      100.000000  1.5699999999999960E+01  8.4090909090909379E-06
      100.000000  1.5799999999999960E+01  0.0000000000000000E+00
      100.000000  1.5899999999999959E+01  0.0000000000000000E+00

      150.000000  0.0000000000000000E+00  0.0000000000000000E+00
      150.000000  1.0000000000000001E-01  3.6218192020839421E-03
      150.000000  2.0000000000000001E-01  3.3553375244505840E-03
      150.000000  3.0000000000000004E-01  3.8170435189275541E-03
      150.000000  4.0000000000000002E-01  2.2296120108811998E-03
      150.000000  5.0000000000000000E-01  1.8925564217765868E-03
      150.000000  5.9999999999999998E-01  8.1245025148784795E-04
      150.000000  6.9999999999999996E-01  1.3101564101548474E-03
      150.000000  7.9999999999999993E-01  9.7678095885289466E-04
      150.000000  8.9999999999999991E-01  9.3817832976663253E-04
      150.000000  9.9999999999999989E-01  9.0037455818326362E-04
      150.000000  1.0999999999999999E+00  7.3589206254535760E-04
      150.000000  1.2000000000000000E+00  6.3456021431315701E-04
      150.000000  1.3000000000000000E+00  5.7362598967696681E-04
      150.000000  1.4000000000000001E+00  5.9833246535873779E-04
      150.000000  1.5000000000000002E+00  5.7495145815600584E-04
      150.000000  1.6000000000000003E+00  5.5779838200380476E-04
      150.000000  1.7000000000000004E+00  4.8656071014390080E-04
      150.000000  1.8000000000000005E+00  4.9674790328201675E-04
      150.000000  1.9000000000000006E+00  5.4600248538920590E-04
      150.000000  2.0000000000000004E+00  5.4898869020844057E-04
      150.000000  2.1000000000000005E+00  4.8646032797867815E-04
      150.000000  2.2000000000000006E+00  5.0079625127581165E-04
      150.000000  2.3000000000000007E+00  8.9838459102767245E-04
      150.000000  2.4000000000000008E+00  7.0368032937259553E-04
      150.000000  2.5000000000000009E+00  6.8792581837617546E-04
      150.000000  2.6000000000000010E+00  5.8984093381114148E-04
      150.000000  2.7000000000000011E+00  5.6336321206699829E-04
      150.000000  2.8000000000000012E+00  6.3031212224277022E-04
      150.000000  2.9000000000000012E+00  5.7611614213623193E-04
      150.000000  3.0000000000000013E+00  5.2851880006727725E-04
      150.000000  3.1000000000000014E+00  5.3595350488465940E-04
      150.000000  3.2000000000000015E+00  5.5580284791940579E-04
      150.000000  3.3000000000000016E+00  5.9936506962934768E-04
      150.000000  3.4000000000000017E+00  5.2027135566195626E-04
      150.000000  3.5000000000000018E+00  4.6013080136284213E-04
      150.000000  3.6000000000000019E+00  5.2677504009789934E-04
      150.000000  3.7000000000000020E+00  5.1593569891290295E-04
      150.000000  3.8000000000000020E+00  4.5285496719707296E-04
      150.000000  3.9000000000000021E+00  4.8349250895620988E-04
      150.000000  4.0000000000000018E+00  4.5495096014642555E-04
      150.000000  4.1000000000000014E+00  4.7102825448740626E-04
      150.000000  4.2000000000000011E+00  4.9138863747876904E-04
      150.000000  4.3000000000000007E+00  4.6549296180349478E-04
      150.000000  4.4000000000000004E+00  4.9823220014158824E-04
      150.000000  4.5000000000000000E+00  5.6009356750322747E-04
      150.000000  4.5999999999999996E+00  3.8686294053931827E-04
      150.000000  4.6999999999999993E+00  4.4241484764817807E-04
      150.000000  4.7999999999999989E+00  4.3512727319705867E-04
      150.000000  4.8999999999999986E+00  5.0568159087046899E-04
      150.000000  4.9999999999999982E+00  5.0914570744436981E-04
      150.000000  5.0999999999999979E+00  4.4373848040411579E-04
      150.000000  5.1999999999999975E+00  4.1652176420619159E-04
      150.000000  5.2999999999999972E+00  3.7593071176653548E-04
      150.000000  5.3999999999999968E+00  4.1532301141859436E-04
      150.000000  5.4999999999999964E+00  4.0901127896082626E-04
      150.000000  5.5999999999999961E+00  3.7143709703791965E-04
      150.000000  5.6999999999999957E+00  3.3807121919412721E-04
      150.000000  5.7999999999999954E+00  3.0514122138499783E-04
      150.000000  5.8999999999999950E+00  2.0695584174678340E-04
      150.000000  5.9999999999999947E+00  2.1878519742946393E-04
      150.000000  6.0999999999999943E+00  1.3862450992694437E-04
      150.000000  6.1999999999999940E+00  1.3297061717540971E-04
      150.000000  6.2999999999999936E+00  1.5741723610067319E-04
      150.000000  6.3999999999999932E+00  1.6108386328378307E-04
      150.000000  6.4999999999999929E+00  1.0724681266831999E-04
      150.000000  6.5999999999999925E+00  1.3060843548473827E-04
      150.000000  6.6999999999999922E+00  1.3398151449961970E-04
      150.000000  6.7999999999999918E+00  1.4129950229957347E-04
      150.000000  6.8999999999999915E+00  1.5497248044004725E-04
      150.000000  6.9999999999999911E+00  1.5624834105747138E-04
      150.000000  7.0999999999999908E+00  1.7156118301315989E-04
      150.000000  7.1999999999999904E+00  2.1681466360885270E-04
      150.000000  7.2999999999999901E+00  2.0734904616815779E-04
      150.000000  7.3999999999999897E+00  2.4195041110246565E-04
      150.000000  7.4999999999999893E+00  2.9112838581491597E-04
      150.000000  7.5999999999999890E+00  2.5365113220374787E-04
      150.000000  7.6999999999999886E+00  2.7530608025968536E-04
      150.000000  7.7999999999999883E+00  2.0501551946605189E-04
      150.000000  7.8999999999999879E+00  1.6580872741174321E-04
      150.000000  7.9999999999999876E+00  1.0288333298332999E-04
      150.000000  8.0999999999999872E+00  8.2669699712575889E-05
      150.000000  8.1999999999999869E+00  5.5634096295861194E-05
      150.000000  8.2999999999999865E+00  6.3377260727412384E-05
      150.000000  8.3999999999999861E+00  2.1760617435540113E-05
      150.000000  8.4999999999999858E+00  2.7125103224948519E-05
      150.000000  8.5999999999999854E+00  2.1279711647665013E-05
      150.000000  8.6999999999999851E+00  2.4644063238103573E-05
      150.000000  8.7999999999999847E+00  2.8440046065046162E-05
      150.000000  8.8999999999999844E+00  2.6684920471685273E-05
      150.000000  8.9999999999999840E+00  9.6049089799090135E-06
      150.000000  9.0999999999999837E+00  6.5542243274441638E-05
      150.000000  9.1999999999999833E+00  5.3685459105737922E-05
      150.000000  9.2999999999999829E+00  6.1462947815185876E-05
      150.000000  9.3999999999999826E+00  1.0167119587723001E-04
      150.000000  9.4999999999999822E+00  5.2445985988555833E-05
      150.000000  9.5999999999999819E+00  3.6657788676751651E-05
      150.000000  9.6999999999999815E+00  4.5711590553073419E-05
      150.000000  9.7999999999999812E+00  6.2069901849620053E-05
      150.000000  9.8999999999999808E+00  8.5594562975674455E-05
      150.000000  9.9999999999999805E+00  1.3299741497117370E-04
      150.000000  1.0099999999999980E+01  9.3765024537389909E-05
      150.000000  1.0199999999999980E+01  8.4260155150857422E-05
      150.000000  1.0299999999999979E+01  7.7783071145064948E-05
      150.000000  1.0399999999999979E+01  1.0058259808870963E-04
      150.000000  1.0499999999999979E+01  1.0083387207048233E-04
      150.000000  1.0599999999999978E+01  1.0862939395709994E-04
      150.000000  1.0699999999999978E+01  1.2578576055007987E-04
      150.000000  1.0799999999999978E+01  1.2620175278399605E-04
      150.000000  1.0899999999999977E+01  1.1175874572623837E-04
      150.000000  1.0999999999999977E+01  1.0630621157532622E-04
      150.000000  1.1099999999999977E+01  9.2398824386827810E-05
      150.000000  1.1199999999999976E+01  1.0117552852428713E-04
      150.000000  1.1299999999999976E+01  9.1990475381022882E-05
      150.000000  1.1399999999999975E+01  1.1025756026739038E-04
      150.000000  1.1499999999999975E+01  1.6434820087892898E-04
      150.000000  1.1599999999999975E+01  1.2321507200678398E-04
      150.000000  1.1699999999999974E+01  1.2107639049976553E-04
      150.000000  1.1799999999999974E+01  1.0396974485782571E-04
      150.000000  1.1899999999999974E+01  8.5171436262919265E-05
      150.000000  1.1999999999999973E+01  7.2897469317748215E-05
      150.000000  1.2099999999999973E+01  1.0586321190849090E-04
      150.000000  1.2199999999999973E+01  1.2459996942342186E-04
      150.000000  1.2299999999999972E+01  8.4992811711852263E-05
      150.000000  1.2399999999999972E+01  5.2025543011527173E-05
      150.000000  1.2499999999999972E+01  6.1788277357317816E-05
      150.000000  1.2599999999999971E+01  6.6617153242304902E-05
      150.000000  1.2699999999999971E+01  7.7547222342501244E-05
      150.000000  1.2799999999999971E+01  8.9821857665898215E-05
      150.000000  1.2899999999999970E+01  4.5522276098514652E-05
      150.000000  1.2999999999999970E+01  3.6982891076931452E-05
      150.000000  1.3099999999999969E+01  9.3360422603376217E-05
      150.000000  1.3199999999999969E+01  5.1560281363989983E-05
      150.000000  1.3299999999999969E+01  5.0452852702852877E-05
      150.000000  1.3399999999999968E+01  6.4327119346082410E-05
      150.000000  1.3499999999999968E+01  5.0953008377931160E-05
      150.000000  1.3599999999999968E+01  4.8207613707765313E-05
      150.000000  1.3699999999999967E+01  4.0307463419457097E-05
      150.000000  1.3799999999999967E+01  5.7152890195460055E-05
      150.000000  1.3899999999999967E+01  3.6587662337662466E-05
      150.000000  1.3999999999999966E+01  3.0906651527007677E-05
      150.000000  1.4099999999999966E+01  3.0784759959682669E-05
      150.000000  1.4199999999999966E+01  4.8926177039335102E-05
      150.000000  1.4299999999999965E+01  2.4996715558786583E-05
      150.000000  1.4399999999999965E+01  3.7861848791566928E-05
      150.000000  1.4499999999999964E+01  2.8611745309007071E-05
      150.000000  1.4599999999999964E+01  2.9318453461406851E-05
      150.000000  1.4699999999999964E+01  1.6690530659570967E-05
      150.000000  1.4799999999999963E+01  1.9497038908803683E-05
      150.000000  1.4899999999999963E+01  2.2209249084249161E-05
      150.000000  1.4999999999999963E+01  9.1389531521110778E-06
      150.000000  1.5099999999999962E+01  1.5902240733123141E-05
      150.000000  1.5199999999999962E+01  1.6140673939587037E-05
      150.000000  1.5299999999999962E+01  1.7175999381881792E-05
      150.000000  1.5399999999999961E+01  1.9053954817112781E-05
      150.000000  1.5499999999999961E+01  1.6398110661268612E-05
      150.000000  1.5599999999999961E+01  7.0288461538461778E-06
      150.000000  1.5699999999999960E+01  8.2142857142857431E-06
      150.000000  1.5799999999999960E+01  0.0000000000000000E+00
      150.000000  1.5899999999999959E+01  0.0000000000000000E+00

      200.000000  0.0000000000000000E+00  0.0000000000000000E+00
      200.000000  1.0000000000000001E-01  3.9794301390431259E-03
      200.000000  2.0000000000000001E-01  3.4752713837180780E-03
      200.000000  3.0000000000000004E-01  3.8418788447216650E-03
      200.000000  4.0000000000000002E-01  2.2056450401603395E-03
      200.000000  5.0000000000000000E-01  1.8694521490486811E-03
      200.000000  5.9999999999999998E-01  8.0271672055339069E-04
      200.000000  6.9999999999999996E-01  1.2910284439674700E-03
      200.000000  7.9999999999999993E-01  9.6016684844860243E-04
      200.000000  8.9999999999999991E-01  9.2458338348248707E-04
      200.000000  9.9999999999999989E-01  8.8785595035925256E-04
      200.000000  1.0999999999999999E+00  7.2455508703601023E-04
      200.000000  1.2000000000000000E+00  6.2577903631316951E-04
      200.000000  1.3000000000000000E+00  5.6594334423647381E-04
      200.000000  1.4000000000000001E+00  5.9089234929540746E-04
      200.000000  1.5000000000000002E+00  5.6665340957931195E-04
      200.000000  1.6000000000000003E+00  5.5150516086057441E-04
      200.000000  1.7000000000000004E+00  4.7969535391526334E-04
      200.000000  1.8000000000000005E+00  4.8933212895868865E-04
      200.000000  1.9000000000000006E+00  5.3921304551822773E-04
      200.000000  2.0000000000000004E+00  5.4227524158969545E-04
      200.000000  2.1000000000000005E+00  4.8013142165932320E-04
      200.000000  2.2000000000000006E+00  4.9411920804689677E-04
      200.000000  2.3000000000000007E+00  8.8683272974797206E-04
      200.000000  2.4000000000000008E+00  6.9336928346652531E-04
      200.000000  2.5000000000000009E+00  6.7871420276528532E-04
      200.000000  2.6000000000000010E+00  5.8269529772620192E-04
      200.000000  2.7000000000000011E+00  5.5851538743504671E-04
      200.000000  2.8000000000000012E+00  6.2263920446250208E-04
      200.000000  2.9000000000000012E+00  5.7040127257652787E-04
      200.000000  3.0000000000000013E+00  5.2230473372447247E-04
      200.000000  3.1000000000000014E+00  5.2815088099819856E-04
      200.000000  3.2000000000000015E+00  5.4803063555052087E-04
      200.000000  3.3000000000000016E+00  5.9189549274617042E-04
      200.000000  3.4000000000000017E+00  5.1486864839750228E-04
      200.000000  3.5000000000000018E+00  4.5574915915141723E-04
      200.000000  3.6000000000000019E+00  5.2139601154813325E-04
      200.000000  3.7000000000000020E+00  5.1073755942233510E-04
      200.000000  3.8000000000000020E+00  4.4721070077224321E-04
      200.000000  3.9000000000000021E+00  4.7830545262221423E-04
      200.000000  4.0000000000000018E+00  4.4922980913958074E-04
      200.000000  4.1000000000000014E+00  4.6528370689346779E-04
      200.000000  4.2000000000000011E+00  4.8469957977690444E-04
      200.000000  4.3000000000000007E+00  4.5975739929814016E-04
      200.000000  4.4000000000000004E+00  4.9271696242939511E-04
      200.000000  4.5000000000000000E+00  5.5576007747103662E-04
      200.000000  4.5999999999999996E+00  3.8102067104796739E-04
      200.000000  4.6999999999999993E+00  4.3757342755533539E-04
      200.000000  4.7999999999999989E+00  4.3040209939089566E-04
      200.000000  4.8999999999999986E+00  5.0041373496881141E-04
      200.000000  4.9999999999999982E+00  5.0390173806740576E-04
      200.000000  5.0999999999999979E+00  4.3914744149252058E-04
      200.000000  5.1999999999999975E+00  4.1144420883977491E-04
      200.000000  5.2999999999999972E+00  3.7262156767543222E-04
      200.000000  5.3999999999999968E+00  4.1079852549959363E-04
      200.000000  5.4999999999999964E+00  4.0476661523675079E-04
      200.000000  5.5999999999999961E+00  3.6735211824062420E-04
      200.000000  5.6999999999999957E+00  3.3464342629559130E-04
      200.000000  5.7999999999999954E+00  3.0209836426953337E-04
      200.000000  5.8999999999999950E+00  2.0534748114055718E-04
      200.000000  5.9999999999999947E+00  2.1623716092864106E-04
      200.000000  6.0999999999999943E+00  1.3761694499333192E-04
      200.000000  6.1999999999999940E+00  1.3205366378584894E-04
      200.000000  6.2999999999999936E+00  1.5598300100312540E-04
      200.000000  6.3999999999999932E+00  1.5913875228882688E-04
      200.000000  6.4999999999999929E+00  1.0589500098397457E-04
      200.000000  6.5999999999999925E+00  1.2921041780816357E-04
      200.000000  6.6999999999999922E+00  1.3274363221282435E-04
      200.000000  6.7999999999999918E+00  1.3993382837800057E-04
      200.000000  6.8999999999999915E+00  1.5364564738256070E-04
      200.000000  6.9999999999999911E+00  1.5502965136509746E-04
      200.000000  7.0999999999999908E+00  1.7029202006304996E-04
      200.000000  7.1999999999999904E+00  2.1446272430961227E-04
      200.000000  7.2999999999999901E+00  2.0549971737579832E-04
      200.000000  7.3999999999999897E+00  2.4010693287098095E-04
      200.000000  7.4999999999999893E+00  2.8868602697836211E-04
      200.000000  7.5999999999999890E+00  2.5196035149547148E-04
      200.000000  7.6999999999999886E+00  2.7279367327171395E-04
      200.000000  7.7999999999999883E+00  2.0240048884139102E-04
      200.000000  7.8999999999999879E+00  1.6354018092554963E-04
      200.000000  7.9999999999999876E+00  1.0233014260869660E-04
      200.000000  8.0999999999999872E+00  8.1653782449061366E-05
      200.000000  8.1999999999999869E+00  5.4801800669754150E-05
      200.000000  8.2999999999999865E+00  6.3152742108776118E-05
      200.000000  8.3999999999999861E+00  2.1612936755890125E-05
      200.000000  8.4999999999999858E+00  2.6822959290451641E-05
      200.000000  8.5999999999999854E+00  2.1022815621957573E-05
      200.000000  8.6999999999999851E+00  2.4375067313147894E-05
      200.000000  8.7999999999999847E+00  2.8101694057576508E-05
      200.000000  8.8999999999999844E+00  2.6461435623200421E-05
      200.000000  8.9999999999999840E+00  9.5084088879461265E-06
      200.000000  9.0999999999999837E+00  6.4675939274835929E-05
      200.000000  9.1999999999999833E+00  5.3155503666104200E-05
      200.000000  9.2999999999999829E+00  6.1020222566578281E-05
      200.000000  9.3999999999999826E+00  1.0084008488296114E-04
      200.000000  9.4999999999999822E+00  5.1889721776331862E-05
      200.000000  9.5999999999999819E+00  3.6129577122224311E-05
      200.000000  9.6999999999999815E+00  4.5244108473749232E-05
      200.000000  9.7999999999999812E+00  6.0768898174932173E-05
      200.000000  9.8999999999999808E+00  8.5211960143300459E-05
      200.000000  9.9999999999999805E+00  1.3154492638424575E-04
      200.000000  1.0099999999999980E+01  9.3048727547486118E-05
      200.000000  1.0199999999999980E+01  8.2958312110856475E-05
      200.000000  1.0299999999999979E+01  7.6841573029653803E-05
      200.000000  1.0399999999999979E+01  9.9655361997151270E-05
      200.000000  1.0499999999999979E+01  9.9903949378794935E-05
      200.000000  1.0599999999999978E+01  1.0809311998855044E-04
      200.000000  1.0699999999999978E+01  1.2470255926564020E-04
      200.000000  1.0799999999999978E+01  1.2442710592242966E-04
      200.000000  1.0899999999999977E+01  1.1038757157874843E-04
      200.000000  1.0999999999999977E+01  1.0529069696437818E-04
      200.000000  1.1099999999999977E+01  9.0857008860256591E-05
      200.000000  1.1199999999999976E+01  1.0012683773279448E-04
      200.000000  1.1299999999999976E+01  9.1506025190690328E-05
      200.000000  1.1399999999999975E+01  1.0893183217711120E-04
      200.000000  1.1499999999999975E+01  1.6315635031687384E-04
      200.000000  1.1599999999999975E+01  1.2234817777718952E-04
      200.000000  1.1699999999999974E+01  1.1922310415127458E-04
      200.000000  1.1799999999999974E+01  1.0332119792831902E-04
      200.000000  1.1899999999999974E+01  8.4464639720444975E-05
      200.000000  1.1999999999999973E+01  7.1971369978490965E-05
      200.000000  1.2099999999999973E+01  1.0487942668786357E-04
      200.000000  1.2199999999999973E+01  1.2362070658100113E-04
      200.000000  1.2299999999999972E+01  8.4358894158817065E-05
      200.000000  1.2399999999999972E+01  5.0902522170475650E-05
      200.000000  1.2499999999999972E+01  6.1095113008193715E-05
      200.000000  1.2599999999999971E+01  6.6104456859403908E-05
      200.000000  1.2699999999999971E+01  7.6739969954366512E-05
      200.000000  1.2799999999999971E+01  8.9312107612030521E-05
      200.000000  1.2899999999999970E+01  4.4821078603199507E-05
      200.000000  1.2999999999999970E+01  3.6699771418811793E-05
      200.000000  1.3099999999999969E+01  9.3087043204996829E-05
      200.000000  1.3199999999999969E+01  5.1286582410724469E-05
      200.000000  1.3299999999999969E+01  4.9967932067932246E-05
      200.000000  1.3399999999999968E+01  6.4108827833673265E-05
      200.000000  1.3499999999999968E+01  5.0748760011918087E-05
      200.000000  1.3599999999999968E+01  4.7843020656101317E-05
      200.000000  1.3699999999999967E+01  4.0166249385289771E-05
      200.000000  1.3799999999999967E+01  5.6754625276684290E-05
      200.000000  1.3899999999999967E+01  3.5867696630854653E-05
      200.000000  1.3999999999999966E+01  3.0707716689914937E-05
      200.000000  1.4099999999999966E+01  3.0157494251534603E-05
      200.000000  1.4199999999999966E+01  4.8009491385807350E-05
      200.000000  1.4299999999999965E+01  2.4877549196589531E-05
      200.000000  1.4399999999999965E+01  3.7121962645721023E-05
      200.000000  1.4499999999999964E+01  2.8385535663998757E-05
      200.000000  1.4599999999999964E+01  2.9049291923433905E-05
      200.000000  1.4699999999999964E+01  1.5711833917716323E-05
      200.000000  1.4799999999999963E+01  1.9497038908803683E-05
      200.000000  1.4899999999999963E+01  2.2209249084249161E-05
      200.000000  1.4999999999999963E+01  9.1389531521110778E-06
      200.000000  1.5099999999999962E+01  1.5758449883449938E-05
      200.000000  1.5199999999999962E+01  1.6067612942613000E-05
      200.000000  1.5299999999999962E+01  1.7121105201987615E-05
      200.000000  1.5399999999999961E+01  1.8978197241355204E-05
      200.000000  1.5499999999999961E+01  1.6204276717434668E-05
      200.000000  1.5599999999999961E+01  6.9739010989011234E-06
      200.000000  1.5699999999999960E+01  7.9761904761905042E-06
      200.000000  1.5799999999999960E+01  0.0000000000000000E+00
      200.000000  1.5899999999999959E+01  0.0000000000000000E+00

      250.000000  0.0000000000000000E+00  0.0000000000000000E+00
      250.000000  1.0000000000000001E-01  4.2263415649474115E-03
      250.000000  2.0000000000000001E-01  3.5342450050110342E-03
      250.000000  3.0000000000000004E-01  3.8387403486827760E-03
      250.000000  4.0000000000000002E-01  2.1905271636842795E-03
      250.000000  5.0000000000000000E-01  1.8543695444485633E-03
      250.000000  5.9999999999999998E-01  7.9598711075087045E-04
      250.000000  6.9999999999999996E-01  1.2786967937912150E-03
      250.000000  7.9999999999999993E-01  9.5283672465888074E-04
      250.000000  8.9999999999999991E-01  9.1686744784445794E-04
      250.000000  9.9999999999999989E-01  8.8019589550656057E-04
      250.000000  1.0999999999999999E+00  7.1882370072551835E-04
      250.000000  1.2000000000000000E+00  6.2063132081141440E-04
      250.000000  1.3000000000000000E+00  5.6166186649571164E-04
      250.000000  1.4000000000000001E+00  5.8559179654908298E-04
      250.000000  1.5000000000000002E+00  5.6200015594029312E-04
      250.000000  1.6000000000000003E+00  5.4715801838777140E-04
      250.000000  1.7000000000000004E+00  4.7489371509947784E-04
      250.000000  1.8000000000000005E+00  4.8468030702548888E-04
      250.000000  1.9000000000000006E+00  5.3437674962408517E-04
      250.000000  2.0000000000000004E+00  5.3761385545640606E-04
      250.000000  2.1000000000000005E+00  4.7692068703168613E-04
      250.000000  2.2000000000000006E+00  4.8958310898058652E-04
      250.000000  2.3000000000000007E+00  8.7980946889944559E-04
      250.000000  2.4000000000000008E+00  6.8720699471467694E-04
      250.000000  2.5000000000000009E+00  6.7360364058413808E-04
      250.000000  2.6000000000000010E+00  5.7973980941118132E-04
      250.000000  2.7000000000000011E+00  5.5390875950720451E-04
      250.000000  2.8000000000000012E+00  6.1731255255840557E-04
      250.000000  2.9000000000000012E+00  5.6666138148892269E-04
      250.000000  3.0000000000000013E+00  5.1829060083484360E-04
      250.000000  3.1000000000000014E+00  5.2487354081695895E-04
      250.000000  3.2000000000000015E+00  5.4441427067595844E-04
      250.000000  3.3000000000000016E+00  5.8771045437092584E-04
      250.000000  3.4000000000000017E+00  5.1095396641351331E-04
      250.000000  3.5000000000000018E+00  4.5324208673464781E-04
      250.000000  3.6000000000000019E+00  5.1839862768034541E-04
      250.000000  3.7000000000000020E+00  5.0742427324984487E-04
      250.000000  3.8000000000000020E+00  4.4486296524753400E-04
      250.000000  3.9000000000000021E+00  4.7547243627234166E-04
      250.000000  4.0000000000000018E+00  4.4649784461723310E-04
      250.000000  4.1000000000000014E+00  4.6156188241527104E-04
      250.000000  4.2000000000000011E+00  4.8004235387362921E-04
      250.000000  4.3000000000000007E+00  4.5644980271640164E-04
      250.000000  4.4000000000000004E+00  4.8975589195096798E-04
      250.000000  4.5000000000000000E+00  5.5285818517090773E-04
      250.000000  4.5999999999999996E+00  3.7866498446588763E-04
      250.000000  4.6999999999999993E+00  4.3438728623980828E-04
      250.000000  4.7999999999999989E+00  4.2845132727840424E-04
      250.000000  4.8999999999999986E+00  4.9646523248006458E-04
      250.000000  4.9999999999999982E+00  5.0111137378361359E-04
      250.000000  5.0999999999999979E+00  4.3613447089726847E-04
      250.000000  5.1999999999999975E+00  4.0821987523601612E-04
      250.000000  5.2999999999999972E+00  3.6966764402869659E-04
      250.000000  5.3999999999999968E+00  4.0813270502237865E-04
      250.000000  5.4999999999999964E+00  4.0241272841521502E-04
      250.000000  5.5999999999999961E+00  3.6468050206357137E-04
      250.000000  5.6999999999999957E+00  3.3236314893684286E-04
      250.000000  5.7999999999999954E+00  3.0023686889343545E-04
      250.000000  5.8999999999999950E+00  2.0423901292605185E-04
      250.000000  5.9999999999999947E+00  2.1503513693148983E-04
      250.000000  6.0999999999999943E+00  1.3710686297009199E-04
      250.000000  6.1999999999999940E+00  1.3116991904948272E-04
      250.000000  6.2999999999999936E+00  1.5526991350806857E-04
      250.000000  6.3999999999999932E+00  1.5793626249724365E-04
      250.000000  6.4999999999999929E+00  1.0539144504334767E-04
      250.000000  6.5999999999999925E+00  1.2855023967995476E-04
      250.000000  6.6999999999999922E+00  1.3182207642942648E-04
      250.000000  6.7999999999999918E+00  1.3901955889499709E-04
      250.000000  6.8999999999999915E+00  1.5312541924468549E-04
      250.000000  6.9999999999999911E+00  1.5408640479685088E-04
      250.000000  7.0999999999999908E+00  1.6903386172895945E-04
      250.000000  7.1999999999999904E+00  2.1320591808283025E-04
      250.000000  7.2999999999999901E+00  2.0467670437104485E-04
      250.000000  7.3999999999999897E+00  2.3848254353370203E-04
      250.000000  7.4999999999999893E+00  2.8751511429335935E-04
      250.000000  7.5999999999999890E+00  2.5030883124518296E-04
      250.000000  7.6999999999999886E+00  2.7153909015049330E-04
      250.000000  7.7999999999999883E+00  2.0066956010143588E-04
      250.000000  7.8999999999999879E+00  1.6250354534750542E-04
      250.000000  7.9999999999999876E+00  1.0124204737060137E-04
      250.000000  8.0999999999999872E+00  8.1147514422282509E-05
      250.000000  8.1999999999999869E+00  5.4347024022253045E-05
      250.000000  8.2999999999999865E+00  6.2375654430372644E-05
      250.000000  8.3999999999999861E+00  2.1345259988213351E-05
      250.000000  8.4999999999999858E+00  2.6753514846007203E-05
      250.000000  8.5999999999999854E+00  2.0855411930640836E-05
      250.000000  8.6999999999999851E+00  2.4249045244401363E-05
      250.000000  8.7999999999999847E+00  2.7981545200585543E-05
      250.000000  8.8999999999999844E+00  2.6284965034965128E-05
      250.000000  8.9999999999999840E+00  9.5084088879461265E-06
      250.000000  9.0999999999999837E+00  6.4438777743556754E-05
      250.000000  9.1999999999999833E+00  5.2885041957713433E-05
      250.000000  9.2999999999999829E+00  6.0280855653298322E-05
      250.000000  9.3999999999999826E+00  1.0014475842579256E-04
      250.000000  9.4999999999999822E+00  5.1674682730410462E-05
      250.000000  9.5999999999999819E+00  3.5759346046110875E-05
      250.000000  9.6999999999999815E+00  4.4826281273952725E-05
      250.000000  9.7999999999999812E+00  6.0518963174768342E-05
      250.000000  9.8999999999999808E+00  8.4831058637398934E-05
      250.000000  9.9999999999999805E+00  1.3100500209571464E-04
      250.000000  1.0099999999999980E+01  9.2606164105932213E-05
      250.000000  1.0199999999999980E+01  8.2653429433147716E-05
      250.000000  1.0299999999999979E+01  7.6477684140764906E-05
      250.000000  1.0399999999999979E+01  9.9020989618583854E-05
      250.000000  1.0499999999999979E+01  9.9434840127716361E-05
      250.000000  1.0599999999999978E+01  1.0754700923655734E-04
      250.000000  1.0699999999999978E+01  1.2405760699568793E-04
      250.000000  1.0799999999999978E+01  1.2376836229010860E-04
      250.000000  1.0899999999999977E+01  1.0989630261379525E-04
      250.000000  1.0999999999999977E+01  1.0475159558363929E-04
      250.000000  1.1099999999999977E+01  9.0543155301198419E-05
      250.000000  1.1199999999999976E+01  9.9062851452476932E-05
      250.000000  1.1299999999999976E+01  9.0987335547000695E-05
      250.000000  1.1399999999999975E+01  1.0843667966880079E-04
      250.000000  1.1499999999999975E+01  1.6230051742427621E-04
      250.000000  1.1599999999999975E+01  1.2158471975893609E-04
      250.000000  1.1699999999999974E+01  1.1867184005589284E-04
      250.000000  1.1799999999999974E+01  1.0255542611842957E-04
      250.000000  1.1899999999999974E+01  8.4127066621029768E-05
      250.000000  1.1999999999999973E+01  7.1971369978490965E-05
      250.000000  1.2099999999999973E+01  1.0457039084066984E-04
      250.000000  1.2199999999999973E+01  1.2242899346320106E-04
      250.000000  1.2299999999999972E+01  8.3849153899076808E-05
      250.000000  1.2399999999999972E+01  5.0195952269788092E-05
      250.000000  1.2499999999999972E+01  6.0427607365688074E-05
      250.000000  1.2599999999999971E+01  6.5863508194542223E-05
      250.000000  1.2699999999999971E+01  7.6355216105367809E-05
      250.000000  1.2799999999999971E+01  8.8894589457670263E-05
      250.000000  1.2899999999999970E+01  4.4618472600670897E-05
      250.000000  1.2999999999999970E+01  3.6286139299297321E-05
      250.000000  1.3099999999999969E+01  9.2755141334937056E-05
      250.000000  1.3199999999999969E+01  5.1260266621250774E-05
      250.000000  1.3299999999999969E+01  4.9418148518148694E-05
      250.000000  1.3399999999999968E+01  6.3852922045798150E-05
      250.000000  1.3499999999999968E+01  5.0587254850412924E-05
      250.000000  1.3599999999999968E+01  4.7733140340338646E-05
      250.000000  1.3699999999999967E+01  3.9922562516602900E-05
      250.000000  1.3799999999999967E+01  5.6369704641763668E-05
      250.000000  1.3899999999999967E+01  3.5229399685282156E-05
      250.000000  1.3999999999999966E+01  3.0582716689914941E-05
      250.000000  1.4099999999999966E+01  2.9862793037715747E-05
      250.000000  1.4199999999999966E+01  4.7768399144715104E-05
      250.000000  1.4299999999999965E+01  2.4735015259937949E-05
      250.000000  1.4399999999999965E+01  3.6866088688760114E-05
      250.000000  1.4499999999999964E+01  2.8239681518144614E-05
      250.000000  1.4599999999999964E+01  2.8892287092516024E-05
      250.000000  1.4699999999999964E+01  1.5609269815152221E-05
      250.000000  1.4799999999999963E+01  1.8970311551193968E-05
      250.000000  1.4899999999999963E+01  2.2209249084249161E-05
      250.000000  1.4999999999999963E+01  8.9451192082771334E-06
      250.000000  1.5099999999999962E+01  1.5577894327894381E-05
      250.000000  1.5199999999999962E+01  1.6012667887667943E-05
      250.000000  1.5299999999999962E+01  1.7045347626230038E-05
      250.000000  1.5399999999999961E+01  1.8854820617978581E-05
      250.000000  1.5499999999999961E+01  1.6065387828545780E-05
      250.000000  1.5599999999999961E+01  6.8954697263521031E-06
      250.000000  1.5699999999999960E+01  7.9285714285714558E-06
      250.000000  1.5799999999999960E+01  0.0000000000000000E+00
      250.000000  1.5899999999999959E+01  0.0000000000000000E+00

      300.000000  0.0000000000000000E+00  0.0000000000000000E+00
      300.000000  1.0000000000000001E-01  4.4052635110271195E-03
      300.000000  2.0000000000000001E-01  3.5704163878078261E-03
      300.000000  3.0000000000000004E-01  3.8279717556454996E-03
      300.000000  4.0000000000000002E-01  2.1795463434240497E-03
      300.000000  5.0000000000000000E-01  1.8428609299859294E-03
      300.000000  5.9999999999999998E-01  7.9144161832180916E-04
      300.000000  6.9999999999999996E-01  1.2717771817936710E-03
      300.000000  7.9999999999999993E-01  9.4697281842528167E-04
      300.000000  8.9999999999999991E-01  9.1136952651487237E-04
      300.000000  9.9999999999999989E-01  8.7482389931688653E-04
      300.000000  1.0999999999999999E+00  7.1531125234037120E-04
      300.000000  1.2000000000000000E+00  6.1596266163444337E-04
      300.000000  1.3000000000000000E+00  5.5838747925992182E-04
      300.000000  1.4000000000000001E+00  5.8254837591363389E-04
      300.000000  1.5000000000000002E+00  5.5855924946638497E-04
      300.000000  1.6000000000000003E+00  5.4453283462363152E-04
      300.000000  1.7000000000000004E+00  4.7271562664085863E-04
      300.000000  1.8000000000000005E+00  4.8247045057769997E-04
      300.000000  1.9000000000000006E+00  5.3114871871615262E-04
      300.000000  2.0000000000000004E+00  5.3441489141175039E-04
      300.000000  2.1000000000000005E+00  4.7394611936098181E-04
      300.000000  2.2000000000000006E+00  4.8791606063249324E-04
      300.000000  2.3000000000000007E+00  8.7424328742404607E-04
      300.000000  2.4000000000000008E+00  6.8383090969768563E-04
      300.000000  2.5000000000000009E+00  6.6862143052092370E-04
      300.000000  2.6000000000000010E+00  5.7652159622776527E-04
      300.000000  2.7000000000000011E+00  5.5142626821233596E-04
      300.000000  2.8000000000000012E+00  6.1380694770711141E-04
      300.000000  2.9000000000000012E+00  5.6376709337374348E-04
      300.000000  3.0000000000000013E+00  5.1611978171177322E-04
      300.000000  3.1000000000000014E+00  5.2215022683604255E-04
      300.000000  3.2000000000000015E+00  5.4169418244071510E-04
      300.000000  3.3000000000000016E+00  5.8530949582891612E-04
      300.000000  3.4000000000000017E+00  5.0915716586294945E-04
      300.000000  3.5000000000000018E+00  4.5028153963591350E-04
      300.000000  3.6000000000000019E+00  5.1562971555778672E-04
      300.000000  3.7000000000000020E+00  5.0584779622159107E-04
      300.000000  3.8000000000000020E+00  4.4258275328718102E-04
      300.000000  3.9000000000000021E+00  4.7360631158848245E-04
      300.000000  4.0000000000000018E+00  4.4452184505555566E-04
      300.000000  4.1000000000000014E+00  4.5932439855634423E-04
      300.000000  4.2000000000000011E+00  4.7854680623565321E-04
      300.000000  4.3000000000000007E+00  4.5453747468157630E-04
      300.000000  4.4000000000000004E+00  4.8793292045857254E-04
      300.000000  4.5000000000000000E+00  5.5040315897646316E-04
      300.000000  4.5999999999999996E+00  3.7637782157220052E-04
      300.000000  4.6999999999999993E+00  4.3182150592483001E-04
      300.000000  4.7999999999999989E+00  4.2702096444167216E-04
      300.000000  4.8999999999999986E+00  4.9459098238276817E-04
      300.000000  4.9999999999999982E+00  4.9888507624911847E-04
      300.000000  5.0999999999999979E+00  4.3507279095740509E-04
      300.000000  5.1999999999999975E+00  4.0672897243172659E-04
      300.000000  5.2999999999999972E+00  3.6834321509729841E-04
      300.000000  5.3999999999999968E+00  4.0649760538813721E-04
      300.000000  5.4999999999999964E+00  4.0101605202036683E-04
      300.000000  5.5999999999999961E+00  3.6321231438049697E-04
      300.000000  5.6999999999999957E+00  3.3082324240996883E-04
      300.000000  5.7999999999999954E+00  2.9887233525263402E-04
      300.000000  5.8999999999999950E+00  2.0345913192851034E-04
      300.000000  5.9999999999999947E+00  2.1414758977966844E-04
      300.000000  6.0999999999999943E+00  1.3662559414369599E-04
      300.000000  6.1999999999999940E+00  1.3094543037390710E-04
      300.000000  6.2999999999999936E+00  1.5491869045575858E-04
      300.000000  6.3999999999999932E+00  1.5642452831639183E-04
      300.000000  6.4999999999999929E+00  1.0471545826628668E-04
      300.000000  6.5999999999999925E+00  1.2783432781404287E-04
      300.000000  6.6999999999999922E+00  1.3071158996886260E-04
      300.000000  6.7999999999999918E+00  1.3865360429287488E-04
      300.000000  6.8999999999999915E+00  1.5210419723496999E-04
      300.000000  6.9999999999999911E+00  1.5342423846077149E-04
      300.000000  7.0999999999999908E+00  1.6808200291525854E-04
      300.000000  7.1999999999999904E+00  2.1222172685677270E-04
      300.000000  7.2999999999999901E+00  2.0427074644008693E-04
      300.000000  7.3999999999999897E+00  2.3779073037199049E-04
      300.000000  7.4999999999999893E+00  2.8618463014267056E-04
      300.000000  7.5999999999999890E+00  2.4942305886308961E-04
      300.000000  7.6999999999999886E+00  2.7026404208642916E-04
      300.000000  7.7999999999999883E+00  1.9994796923470119E-04
      300.000000  7.8999999999999879E+00  1.6188274901912729E-04
      300.000000  7.9999999999999876E+00  1.0071952325504656E-04
      300.000000  8.0999999999999872E+00  8.0424159560769749E-05
      300.000000  8.1999999999999869E+00  5.4192511867740887E-05
      300.000000  8.2999999999999865E+00  6.2054651016338534E-05
      300.000000  8.3999999999999861E+00  2.1345259988213351E-05
      300.000000  8.4999999999999858E+00  2.6598869654597303E-05
      300.000000  8.5999999999999854E+00  2.0838745263974166E-05
      300.000000  8.6999999999999851E+00  2.4184942680298802E-05
      300.000000  8.7999999999999847E+00  2.7981545200585543E-05
      300.000000  8.8999999999999844E+00  2.6284965034965128E-05
      300.000000  8.9999999999999840E+00  9.4820930984724432E-06
      300.000000  9.0999999999999837E+00  6.4382618463071969E-05
      300.000000  9.1999999999999833E+00  5.2522216201934383E-05
      300.000000  9.2999999999999829E+00  6.0183069381599000E-05
      300.000000  9.3999999999999826E+00  9.9422864377811539E-05
      300.000000  9.4999999999999822E+00  5.1633274862915643E-05
      300.000000  9.5999999999999819E+00  3.5759346046110875E-05
      300.000000  9.6999999999999815E+00  4.4778925565841862E-05
      300.000000  9.7999999999999812E+00  6.0324213480018657E-05
      300.000000  9.8999999999999808E+00  8.4454556570000646E-05
      300.000000  9.9999999999999805E+00  1.3044939572238383E-04
      300.000000  1.0099999999999980E+01  9.2449112823880943E-05
      300.000000  1.0199999999999980E+01  8.2078688613202304E-05
      300.000000  1.0299999999999979E+01  7.6050913688994451E-05
      300.000000  1.0399999999999979E+01  9.8471996944591184E-05
      300.000000  1.0499999999999979E+01  9.9235014228977433E-05
      300.000000  1.0599999999999978E+01  1.0712940314983360E-04
      300.000000  1.0699999999999978E+01  1.2378487972296065E-04
      300.000000  1.0799999999999978E+01  1.2283736724456244E-04
      300.000000  1.0899999999999977E+01  1.0956409812462146E-04
      300.000000  1.0999999999999977E+01  1.0398156545037385E-04
      300.000000  1.1099999999999977E+01  9.0277032535075643E-05
      300.000000  1.1199999999999976E+01  9.8877854804244974E-05
      300.000000  1.1299999999999976E+01  9.0393046197532304E-05
      300.000000  1.1399999999999975E+01  1.0780829064520716E-04
      300.000000  1.1499999999999975E+01  1.6180335070210952E-04
      300.000000  1.1599999999999975E+01  1.2121965834975704E-04
      300.000000  1.1699999999999974E+01  1.1845258871899445E-04
      300.000000  1.1799999999999974E+01  1.0227720842109422E-04
      300.000000  1.1899999999999974E+01  8.4033368938087234E-05
      300.000000  1.1999999999999973E+01  7.1846336240299346E-05
      300.000000  1.2099999999999973E+01  1.0419685282897393E-04
      300.000000  1.2199999999999973E+01  1.2203415219335978E-04
      300.000000  1.2299999999999972E+01  8.3559138215249701E-05
      300.000000  1.2399999999999972E+01  4.9899396486390199E-05
      300.000000  1.2499999999999972E+01  6.0130187680110496E-05
      300.000000  1.2599999999999971E+01  6.5691234278228048E-05
      300.000000  1.2699999999999971E+01  7.6181745570055165E-05
      300.000000  1.2799999999999971E+01  8.8711444242555744E-05
      300.000000  1.2899999999999970E+01  4.4507773057695812E-05
      300.000000  1.2999999999999970E+01  3.6088138169020649E-05
      300.000000  1.3099999999999969E+01  9.2612001865710616E-05
      300.000000  1.3199999999999969E+01  5.0889595625579783E-05
      300.000000  1.3299999999999969E+01  4.9255810855811018E-05
      300.000000  1.3399999999999968E+01  6.3747181310262036E-05
      300.000000  1.3499999999999968E+01  5.0308505821663892E-05
      300.000000  1.3599999999999968E+01  4.7431192288390587E-05
      300.000000  1.3699999999999967E+01  3.9849033104838197E-05
      300.000000  1.3799999999999967E+01  5.6340464875681792E-05
      300.000000  1.3899999999999967E+01  3.4938305975070804E-05
      300.000000  1.3999999999999966E+01  3.0444679288719640E-05
      300.000000  1.4099999999999966E+01  2.9729246029168734E-05
      300.000000  1.4199999999999966E+01  4.7514509314738319E-05
      300.000000  1.4299999999999965E+01  2.4491328391251075E-05
      300.000000  1.4399999999999965E+01  3.6763524586196002E-05
      300.000000  1.4499999999999964E+01  2.8198014851477947E-05
      300.000000  1.4599999999999964E+01  2.8705418405647342E-05
      300.000000  1.4699999999999964E+01  1.5552780552780606E-05
      300.000000  1.4799999999999963E+01  1.8858589939472359E-05
      300.000000  1.4899999999999963E+01  2.2209249084249161E-05
      300.000000  1.4999999999999963E+01  8.9188034188034484E-06
      300.000000  1.5099999999999962E+01  1.5501035514193463E-05
      300.000000  1.5199999999999962E+01  1.5948565323565379E-05
      300.000000  1.5299999999999962E+01  1.6968929791191513E-05
      300.000000  1.5399999999999961E+01  1.8854820617978581E-05
      300.000000  1.5499999999999961E+01  1.6039072039072095E-05
      300.000000  1.5599999999999961E+01  6.8954697263521031E-06
      300.000000  1.5699999999999960E+01  7.9285714285714558E-06
      300.000000  1.5799999999999960E+01  0.0000000000000000E+00
      300.000000  1.5899999999999959E+01  0.0000000000000000E+00

