#Time    Theta Distribution
#fs    deg 1/deg
        0.000000  0.0000000000000000E+00  0.0000000000000000E+00
        0.000000  1.0000000000000000E+00  0.0000000000000000E+00
        0.000000  2.0000000000000000E+00  0.0000000000000000E+00
        0.000000  3.0000000000000000E+00  0.0000000000000000E+00
        0.000000  4.0000000000000000E+00  0.0000000000000000E+00
        0.000000  5.0000000000000000E+00  0.0000000000000000E+00
        0.000000  6.0000000000000000E+00  0.0000000000000000E+00
        0.000000  7.0000000000000000E+00  0.0000000000000000E+00
        0.000000  8.0000000000000000E+00  0.0000000000000000E+00
        0.000000  9.0000000000000000E+00  0.0000000000000000E+00
        0.000000  1.0000000000000000E+01  0.0000000000000000E+00
        0.000000  1.1000000000000000E+01  0.0000000000000000E+00
        0.000000  1.2000000000000000E+01  0.0000000000000000E+00
        0.000000  1.3000000000000000E+01  0.0000000000000000E+00
        0.000000  1.4000000000000000E+01  0.0000000000000000E+00
        0.000000  1.5000000000000000E+01  0.0000000000000000E+00
        0.000000  1.6000000000000000E+01  0.0000000000000000E+00
        0.000000  1.7000000000000000E+01  0.0000000000000000E+00
        0.000000  1.8000000000000000E+01  0.0000000000000000E+00
        0.000000  1.9000000000000000E+01  0.0000000000000000E+00
        0.000000  2.0000000000000000E+01  0.0000000000000000E+00
        0.000000  2.1000000000000000E+01  0.0000000000000000E+00
        0.000000  2.2000000000000000E+01  0.0000000000000000E+00
        0.000000  2.3000000000000000E+01  0.0000000000000000E+00
        0.000000  2.4000000000000000E+01  0.0000000000000000E+00
        0.000000  2.5000000000000000E+01  0.0000000000000000E+00
        0.000000  2.6000000000000000E+01  0.0000000000000000E+00
        0.000000  2.7000000000000000E+01  0.0000000000000000E+00
        0.000000  2.8000000000000000E+01  0.0000000000000000E+00
        0.000000  2.9000000000000000E+01  0.0000000000000000E+00
        0.000000  3.0000000000000000E+01  0.0000000000000000E+00
        0.000000  3.1000000000000000E+01  0.0000000000000000E+00
        0.000000  3.2000000000000000E+01  0.0000000000000000E+00
        0.000000  3.3000000000000000E+01  0.0000000000000000E+00
        0.000000  3.4000000000000000E+01  0.0000000000000000E+00
        0.000000  3.5000000000000000E+01  0.0000000000000000E+00
        0.000000  3.6000000000000000E+01  0.0000000000000000E+00
        0.000000  3.7000000000000000E+01  0.0000000000000000E+00
        0.000000  3.8000000000000000E+01  0.0000000000000000E+00
        0.000000  3.9000000000000000E+01  0.0000000000000000E+00
        0.000000  4.0000000000000000E+01  0.0000000000000000E+00
        0.000000  4.1000000000000000E+01  0.0000000000000000E+00
        0.000000  4.2000000000000000E+01  0.0000000000000000E+00
        0.000000  4.3000000000000000E+01  0.0000000000000000E+00
        0.000000  4.4000000000000000E+01  0.0000000000000000E+00
        0.000000  4.5000000000000000E+01  0.0000000000000000E+00
        0.000000  4.6000000000000000E+01  0.0000000000000000E+00
        0.000000  4.7000000000000000E+01  0.0000000000000000E+00
        0.000000  4.8000000000000000E+01  0.0000000000000000E+00
        0.000000  4.9000000000000000E+01  0.0000000000000000E+00
        0.000000  5.0000000000000000E+01  0.0000000000000000E+00
        0.000000  5.1000000000000000E+01  0.0000000000000000E+00
        0.000000  5.2000000000000000E+01  0.0000000000000000E+00
        0.000000  5.3000000000000000E+01  0.0000000000000000E+00
        0.000000  5.4000000000000000E+01  0.0000000000000000E+00
        0.000000  5.5000000000000000E+01  0.0000000000000000E+00
        0.000000  5.6000000000000000E+01  0.0000000000000000E+00
        0.000000  5.7000000000000000E+01  0.0000000000000000E+00
        0.000000  5.8000000000000000E+01  0.0000000000000000E+00
        0.000000  5.9000000000000000E+01  0.0000000000000000E+00
        0.000000  6.0000000000000000E+01  0.0000000000000000E+00
        0.000000  6.1000000000000000E+01  0.0000000000000000E+00
        0.000000  6.2000000000000000E+01  0.0000000000000000E+00
        0.000000  6.3000000000000000E+01  0.0000000000000000E+00
        0.000000  6.4000000000000000E+01  0.0000000000000000E+00
        0.000000  6.5000000000000000E+01  0.0000000000000000E+00
        0.000000  6.6000000000000000E+01  0.0000000000000000E+00
        0.000000  6.7000000000000000E+01  0.0000000000000000E+00
        0.000000  6.8000000000000000E+01  0.0000000000000000E+00
        0.000000  6.9000000000000000E+01  0.0000000000000000E+00
        0.000000  7.0000000000000000E+01  0.0000000000000000E+00
        0.000000  7.1000000000000000E+01  0.0000000000000000E+00
        0.000000  7.2000000000000000E+01  0.0000000000000000E+00
        0.000000  7.3000000000000000E+01  0.0000000000000000E+00
        0.000000  7.4000000000000000E+01  0.0000000000000000E+00
        0.000000  7.5000000000000000E+01  0.0000000000000000E+00
        0.000000  7.6000000000000000E+01  0.0000000000000000E+00
        0.000000  7.7000000000000000E+01  0.0000000000000000E+00
        0.000000  7.8000000000000000E+01  0.0000000000000000E+00
        0.000000  7.9000000000000000E+01  0.0000000000000000E+00
        0.000000  8.0000000000000000E+01  0.0000000000000000E+00
        0.000000  8.1000000000000000E+01  0.0000000000000000E+00
        0.000000  8.2000000000000000E+01  0.0000000000000000E+00
        0.000000  8.3000000000000000E+01  0.0000000000000000E+00
        0.000000  8.4000000000000000E+01  0.0000000000000000E+00
        0.000000  8.5000000000000000E+01  0.0000000000000000E+00
        0.000000  8.6000000000000000E+01  0.0000000000000000E+00
        0.000000  8.7000000000000000E+01  0.0000000000000000E+00
        0.000000  8.8000000000000000E+01  0.0000000000000000E+00
        0.000000  8.9000000000000000E+01  0.0000000000000000E+00
        0.000000  9.0000000000000000E+01  0.0000000000000000E+00
        0.000000  9.1000000000000000E+01  0.0000000000000000E+00
        0.000000  9.2000000000000000E+01  0.0000000000000000E+00
        0.000000  9.3000000000000000E+01  0.0000000000000000E+00
        0.000000  9.4000000000000000E+01  0.0000000000000000E+00
        0.000000  9.5000000000000000E+01  0.0000000000000000E+00
        0.000000  9.6000000000000000E+01  0.0000000000000000E+00
        0.000000  9.7000000000000000E+01  0.0000000000000000E+00
        0.000000  9.8000000000000000E+01  0.0000000000000000E+00
        0.000000  9.9000000000000000E+01  0.0000000000000000E+00
        0.000000  1.0000000000000000E+02  0.0000000000000000E+00
        0.000000  1.0100000000000000E+02  0.0000000000000000E+00
        0.000000  1.0200000000000000E+02  0.0000000000000000E+00
        0.000000  1.0300000000000000E+02  0.0000000000000000E+00
        0.000000  1.0400000000000000E+02  0.0000000000000000E+00
        0.000000  1.0500000000000000E+02  0.0000000000000000E+00
        0.000000  1.0600000000000000E+02  0.0000000000000000E+00
        0.000000  1.0700000000000000E+02  0.0000000000000000E+00
        0.000000  1.0800000000000000E+02  0.0000000000000000E+00
        0.000000  1.0900000000000000E+02  0.0000000000000000E+00
        0.000000  1.1000000000000000E+02  0.0000000000000000E+00
        0.000000  1.1100000000000000E+02  0.0000000000000000E+00
        0.000000  1.1200000000000000E+02  0.0000000000000000E+00
        0.000000  1.1300000000000000E+02  0.0000000000000000E+00
        0.000000  1.1400000000000000E+02  0.0000000000000000E+00
        0.000000  1.1500000000000000E+02  0.0000000000000000E+00
        0.000000  1.1600000000000000E+02  0.0000000000000000E+00
        0.000000  1.1700000000000000E+02  0.0000000000000000E+00
        0.000000  1.1800000000000000E+02  0.0000000000000000E+00
        0.000000  1.1900000000000000E+02  0.0000000000000000E+00
        0.000000  1.2000000000000000E+02  0.0000000000000000E+00
        0.000000  1.2100000000000000E+02  0.0000000000000000E+00
        0.000000  1.2200000000000000E+02  0.0000000000000000E+00
        0.000000  1.2300000000000000E+02  0.0000000000000000E+00
        0.000000  1.2400000000000000E+02  0.0000000000000000E+00
        0.000000  1.2500000000000000E+02  0.0000000000000000E+00
        0.000000  1.2600000000000000E+02  0.0000000000000000E+00
        0.000000  1.2700000000000000E+02  0.0000000000000000E+00
        0.000000  1.2800000000000000E+02  0.0000000000000000E+00
        0.000000  1.2900000000000000E+02  0.0000000000000000E+00
        0.000000  1.3000000000000000E+02  0.0000000000000000E+00
        0.000000  1.3100000000000000E+02  0.0000000000000000E+00
        0.000000  1.3200000000000000E+02  0.0000000000000000E+00
        0.000000  1.3300000000000000E+02  0.0000000000000000E+00
        0.000000  1.3400000000000000E+02  0.0000000000000000E+00
        0.000000  1.3500000000000000E+02  0.0000000000000000E+00
        0.000000  1.3600000000000000E+02  0.0000000000000000E+00
        0.000000  1.3700000000000000E+02  0.0000000000000000E+00
        0.000000  1.3800000000000000E+02  0.0000000000000000E+00
        0.000000  1.3900000000000000E+02  0.0000000000000000E+00
        0.000000  1.4000000000000000E+02  0.0000000000000000E+00
        0.000000  1.4100000000000000E+02  0.0000000000000000E+00
        0.000000  1.4200000000000000E+02  0.0000000000000000E+00
        0.000000  1.4300000000000000E+02  0.0000000000000000E+00
        0.000000  1.4400000000000000E+02  0.0000000000000000E+00
        0.000000  1.4500000000000000E+02  0.0000000000000000E+00
        0.000000  1.4600000000000000E+02  0.0000000000000000E+00
        0.000000  1.4700000000000000E+02  0.0000000000000000E+00
        0.000000  1.4800000000000000E+02  0.0000000000000000E+00
        0.000000  1.4900000000000000E+02  0.0000000000000000E+00
        0.000000  1.5000000000000000E+02  0.0000000000000000E+00
        0.000000  1.5100000000000000E+02  0.0000000000000000E+00
        0.000000  1.5200000000000000E+02  0.0000000000000000E+00
        0.000000  1.5300000000000000E+02  0.0000000000000000E+00
        0.000000  1.5400000000000000E+02  0.0000000000000000E+00
        0.000000  1.5500000000000000E+02  0.0000000000000000E+00
        0.000000  1.5600000000000000E+02  0.0000000000000000E+00
        0.000000  1.5700000000000000E+02  0.0000000000000000E+00
        0.000000  1.5800000000000000E+02  0.0000000000000000E+00
        0.000000  1.5900000000000000E+02  0.0000000000000000E+00
        0.000000  1.6000000000000000E+02  0.0000000000000000E+00
        0.000000  1.6100000000000000E+02  0.0000000000000000E+00
        0.000000  1.6200000000000000E+02  0.0000000000000000E+00
        0.000000  1.6300000000000000E+02  0.0000000000000000E+00
        0.000000  1.6400000000000000E+02  0.0000000000000000E+00
        0.000000  1.6500000000000000E+02  0.0000000000000000E+00
        0.000000  1.6600000000000000E+02  0.0000000000000000E+00
        0.000000  1.6700000000000000E+02  0.0000000000000000E+00
        0.000000  1.6800000000000000E+02  0.0000000000000000E+00
        0.000000  1.6900000000000000E+02  0.0000000000000000E+00
        0.000000  1.7000000000000000E+02  0.0000000000000000E+00
        0.000000  1.7100000000000000E+02  0.0000000000000000E+00
        0.000000  1.7200000000000000E+02  0.0000000000000000E+00
        0.000000  1.7300000000000000E+02  0.0000000000000000E+00
        0.000000  1.7400000000000000E+02  0.0000000000000000E+00
        0.000000  1.7500000000000000E+02  0.0000000000000000E+00
        0.000000  1.7600000000000000E+02  0.0000000000000000E+00
        0.000000  1.7700000000000000E+02  0.0000000000000000E+00
        0.000000  1.7800000000000000E+02  0.0000000000000000E+00
        0.000000  1.7900000000000000E+02  0.0000000000000000E+00
        0.000000  1.8000000000000000E+02  0.0000000000000000E+00

       50.000000  0.0000000000000000E+00  0.0000000000000000E+00
       50.000000  1.0000000000000000E+00  3.6819645530623550E-02
       50.000000  2.0000000000000000E+00  1.0327311893324183E-03
       50.000000  3.0000000000000000E+00  8.1873238712863294E-04
       50.000000  4.0000000000000000E+00  9.4554912238179671E-04
       50.000000  5.0000000000000000E+00  8.9431991827125241E-04
       50.000000  6.0000000000000000E+00  7.1207065974148906E-04
       50.000000  7.0000000000000000E+00  1.2444111458105272E-03
       50.000000  8.0000000000000000E+00  1.0657110889700538E-03
       50.000000  9.0000000000000000E+00  1.0047233452597211E-03
       50.000000  1.0000000000000000E+01  8.6491300082764397E-04
       50.000000  1.1000000000000000E+01  8.7396316176851542E-04
       50.000000  1.2000000000000000E+01  9.5725102730759043E-04
       50.000000  1.3000000000000000E+01  8.4431948039949780E-04
       50.000000  1.4000000000000000E+01  9.0240090447962209E-04
       50.000000  1.5000000000000000E+01  7.6526194734262930E-04
       50.000000  1.6000000000000000E+01  8.0849161238082145E-04
       50.000000  1.7000000000000000E+01  9.6218725317057390E-04
       50.000000  1.8000000000000000E+01  9.6478182870276402E-04
       50.000000  1.9000000000000000E+01  8.0480404935341762E-04
       50.000000  2.0000000000000000E+01  7.1437488319131082E-04
       50.000000  2.1000000000000000E+01  7.6690916531944734E-04
       50.000000  2.2000000000000000E+01  8.8242311290488012E-04
       50.000000  2.3000000000000000E+01  8.8194465315568097E-04
       50.000000  2.4000000000000000E+01  8.0202808749333374E-04
       50.000000  2.5000000000000000E+01  7.5660675183944622E-04
       50.000000  2.6000000000000000E+01  7.4582310766936719E-04
       50.000000  2.7000000000000000E+01  6.9460062959327202E-04
       50.000000  2.8000000000000000E+01  8.0779142155120560E-04
       50.000000  2.9000000000000000E+01  7.3198688673822821E-04
       50.000000  3.0000000000000000E+01  8.5005191992696110E-04
       50.000000  3.1000000000000000E+01  7.9375315719288264E-04
       50.000000  3.2000000000000000E+01  7.6201776721047628E-04
       50.000000  3.3000000000000000E+01  7.0396783336978551E-04
       50.000000  3.4000000000000000E+01  7.3404280759865935E-04
       50.000000  3.5000000000000000E+01  7.0593214804603392E-04
       50.000000  3.6000000000000000E+01  6.3487205357484625E-04
       50.000000  3.7000000000000000E+01  6.1138947849571717E-04
       50.000000  3.8000000000000000E+01  6.2737509774131092E-04
       50.000000  3.9000000000000000E+01  4.3847693874002043E-04
       50.000000  4.0000000000000000E+01  5.6314502022146581E-04
       50.000000  4.1000000000000000E+01  5.0068562842103673E-04
       50.000000  4.2000000000000000E+01  5.8840021587692245E-04
       50.000000  4.3000000000000000E+01  5.1112799462172049E-04
       50.000000  4.4000000000000000E+01  5.9084872007483379E-04
       50.000000  4.5000000000000000E+01  4.3616503161328303E-04
       50.000000  4.6000000000000000E+01  4.6614173976426286E-04
       50.000000  4.7000000000000000E+01  5.3303548657389571E-04
       50.000000  4.8000000000000000E+01  5.6418508524791076E-04
       50.000000  4.9000000000000000E+01  3.6191496065938593E-04
       50.000000  5.0000000000000000E+01  3.8199568044238477E-04
       50.000000  5.1000000000000000E+01  3.7846902690952630E-04
       50.000000  5.2000000000000000E+01  3.4492578065534960E-04
       50.000000  5.3000000000000000E+01  4.5390821247763232E-04
       50.000000  5.4000000000000000E+01  3.4293092161817536E-04
       50.000000  5.5000000000000000E+01  3.3904834232277391E-04
       50.000000  5.6000000000000000E+01  2.4127837077632993E-04
       50.000000  5.7000000000000000E+01  2.8605709972963654E-04
       50.000000  5.8000000000000000E+01  3.1515136199373984E-04
       50.000000  5.9000000000000000E+01  2.9914399754105928E-04
       50.000000  6.0000000000000000E+01  2.4488328104563126E-04
       50.000000  6.1000000000000000E+01  3.0666290683735697E-04
       50.000000  6.2000000000000000E+01  2.3081180081413951E-04
       50.000000  6.3000000000000000E+01  2.1533043209306520E-04
       50.000000  6.4000000000000000E+01  2.4212010322115910E-04
       50.000000  6.5000000000000000E+01  2.1318367623151971E-04
       50.000000  6.6000000000000000E+01  2.0522975694705790E-04
       50.000000  6.7000000000000000E+01  1.5373213681585011E-04
       50.000000  6.8000000000000000E+01  2.3184190814551310E-04
       50.000000  6.9000000000000000E+01  2.0757856860852711E-04
       50.000000  7.0000000000000000E+01  1.4990720472174697E-04
       50.000000  7.1000000000000000E+01  1.6492030082734433E-04
       50.000000  7.2000000000000000E+01  1.4552167339469606E-04
       50.000000  7.3000000000000000E+01  1.1258280691176168E-04
       50.000000  7.4000000000000000E+01  1.3136852529680899E-04
       50.000000  7.5000000000000000E+01  1.3376952582061510E-04
       50.000000  7.6000000000000000E+01  1.4432642726085488E-04
       50.000000  7.7000000000000000E+01  1.2609316762803661E-04
       50.000000  7.8000000000000000E+01  1.0339093681839353E-04
       50.000000  7.9000000000000000E+01  1.3632672535354240E-04
       50.000000  8.0000000000000000E+01  1.2256146944942872E-04
       50.000000  8.1000000000000000E+01  1.0837277138165895E-04
       50.000000  8.2000000000000000E+01  1.3258795030039714E-04
       50.000000  8.3000000000000000E+01  1.3175853962856947E-04
       50.000000  8.4000000000000000E+01  1.0723872628807862E-04
       50.000000  8.5000000000000000E+01  1.2316501207964713E-04
       50.000000  8.6000000000000000E+01  1.2828526581035814E-04
       50.000000  8.7000000000000000E+01  1.1927004235762518E-04
       50.000000  8.8000000000000000E+01  1.1944272535596609E-04
       50.000000  8.9000000000000000E+01  1.2165919492084801E-04
       50.000000  9.0000000000000000E+01  1.3482362955016176E-04
       50.000000  9.1000000000000000E+01  1.2065090626526482E-04
       50.000000  9.2000000000000000E+01  1.4655059272122281E-04
       50.000000  9.3000000000000000E+01  1.3317208198680160E-04
       50.000000  9.4000000000000000E+01  1.0420638750232363E-04
       50.000000  9.5000000000000000E+01  1.1349009188523614E-04
       50.000000  9.6000000000000000E+01  1.2173171128375262E-04
       50.000000  9.7000000000000000E+01  1.0910681996705054E-04
       50.000000  9.8000000000000000E+01  1.4047752180351846E-04
       50.000000  9.9000000000000000E+01  1.5551632435444561E-04
       50.000000  1.0000000000000000E+02  1.1721749762518676E-04
       50.000000  1.0100000000000000E+02  1.1197877761924943E-04
       50.000000  1.0200000000000000E+02  9.4882127620528935E-05
       50.000000  1.0300000000000000E+02  1.2078295953959708E-04
       50.000000  1.0400000000000000E+02  1.2513258979483837E-04
       50.000000  1.0500000000000000E+02  1.8586236403316360E-04
       50.000000  1.0600000000000000E+02  2.1358809490718025E-04
       50.000000  1.0700000000000000E+02  1.5611636136608547E-04
       50.000000  1.0800000000000000E+02  1.7394542055355948E-04
       50.000000  1.0900000000000000E+02  1.6891234948429850E-04
       50.000000  1.1000000000000000E+02  1.9147759757402426E-04
       50.000000  1.1100000000000000E+02  1.6600052994304178E-04
       50.000000  1.1200000000000000E+02  1.7965421406196432E-04
       50.000000  1.1300000000000000E+02  1.4194680824885023E-04
       50.000000  1.1400000000000000E+02  1.6811534171913680E-04
       50.000000  1.1500000000000000E+02  1.7480682939928141E-04
       50.000000  1.1600000000000000E+02  1.6547914390109149E-04
       50.000000  1.1700000000000000E+02  1.7389237702900858E-04
       50.000000  1.1800000000000000E+02  2.3492795315452095E-04
       50.000000  1.1900000000000000E+02  3.0119354010974279E-04
       50.000000  1.2000000000000000E+02  2.1692263103144363E-04
       50.000000  1.2100000000000000E+02  2.1444792246830992E-04
       50.000000  1.2200000000000000E+02  2.3505234813690556E-04
       50.000000  1.2300000000000000E+02  3.4115017968709373E-04
       50.000000  1.2400000000000000E+02  2.7828478970753234E-04
       50.000000  1.2500000000000000E+02  2.1821082654545265E-04
       50.000000  1.2600000000000000E+02  2.9111903842737809E-04
       50.000000  1.2700000000000000E+02  3.3114096001563166E-04
       50.000000  1.2800000000000000E+02  3.6348449592427866E-04
       50.000000  1.2900000000000000E+02  3.5931850378154173E-04
       50.000000  1.3000000000000000E+02  3.6164320914307941E-04
       50.000000  1.3100000000000000E+02  4.1851682588235048E-04
       50.000000  1.3200000000000000E+02  4.4077039534530960E-04
       50.000000  1.3300000000000000E+02  3.9217716807913547E-04
       50.000000  1.3400000000000000E+02  4.2495644450945582E-04
       50.000000  1.3500000000000000E+02  4.6225860105986416E-04
       50.000000  1.3600000000000000E+02  4.5236447474751639E-04
       50.000000  1.3700000000000000E+02  5.0780341445539581E-04
       50.000000  1.3800000000000000E+02  5.3963076764152167E-04
       50.000000  1.3900000000000000E+02  5.1436499324445512E-04
       50.000000  1.4000000000000000E+02  5.6581166999094960E-04
       50.000000  1.4100000000000000E+02  5.0463340059301925E-04
       50.000000  1.4200000000000000E+02  6.3300078532627438E-04
       50.000000  1.4300000000000000E+02  5.5997688926011553E-04
       50.000000  1.4400000000000000E+02  7.1093871345109620E-04
       50.000000  1.4500000000000000E+02  6.5150288489731632E-04
       50.000000  1.4600000000000000E+02  5.1915073295012032E-04
       50.000000  1.4700000000000000E+02  5.8320069101998957E-04
       50.000000  1.4800000000000000E+02  7.3100791483560494E-04
       50.000000  1.4900000000000000E+02  6.6730950364878440E-04
       50.000000  1.5000000000000000E+02  6.3578691308864988E-04
       50.000000  1.5100000000000000E+02  7.3057629763541808E-04
       50.000000  1.5200000000000000E+02  7.1124803965353527E-04
       50.000000  1.5300000000000000E+02  8.2078399947090866E-04
       50.000000  1.5400000000000000E+02  7.3732467126706453E-04
       50.000000  1.5500000000000000E+02  8.2061754953948612E-04
       50.000000  1.5600000000000000E+02  7.4949186303540347E-04
       50.000000  1.5700000000000000E+02  8.0137362242163764E-04
       50.000000  1.5800000000000000E+02  8.5327638054573547E-04
       50.000000  1.5900000000000000E+02  7.9233416283651565E-04
       50.000000  1.6000000000000000E+02  7.9025239362892229E-04
       50.000000  1.6100000000000000E+02  9.0322346214684118E-04
       50.000000  1.6200000000000000E+02  8.5371547739987886E-04
       50.000000  1.6300000000000000E+02  9.4857706466103340E-04
       50.000000  1.6400000000000000E+02  9.8553268625387806E-04
       50.000000  1.6500000000000000E+02  8.5052067854647618E-04
       50.000000  1.6600000000000000E+02  1.0499649334078250E-03
       50.000000  1.6700000000000000E+02  8.5217548331831901E-04
       50.000000  1.6800000000000000E+02  8.8988334138806631E-04
       50.000000  1.6900000000000000E+02  8.5519819577043626E-04
       50.000000  1.7000000000000000E+02  7.4572018040035986E-04
       50.000000  1.7100000000000000E+02  9.0734660725875940E-04
       50.000000  1.7200000000000000E+02  1.1070011771328568E-03
       50.000000  1.7300000000000000E+02  8.0038208628480697E-04
       50.000000  1.7400000000000000E+02  9.9881785190398522E-04
       50.000000  1.7500000000000000E+02  1.0604240896198373E-03
       50.000000  1.7600000000000000E+02  9.0596640458140551E-04
       50.000000  1.7700000000000000E+02  5.9844052366970308E-04
       50.000000  1.7800000000000000E+02  8.2854324919961054E-04
       50.000000  1.7900000000000000E+02  5.9386955738757383E-04
       50.000000  1.8000000000000000E+02  1.1458836886374857E-03

      100.000000  0.0000000000000000E+00  0.0000000000000000E+00
      100.000000  1.0000000000000000E+00  4.2745015422858669E-02
      100.000000  2.0000000000000000E+00  9.0282378763481715E-04
      100.000000  3.0000000000000000E+00  8.1123248722220600E-04
      100.000000  4.0000000000000000E+00  9.4003592271820521E-04
      100.000000  5.0000000000000000E+00  7.2642387046670785E-04
      100.000000  6.0000000000000000E+00  7.1179352743335085E-04
      100.000000  7.0000000000000000E+00  1.2635992294175566E-03
      100.000000  8.0000000000000000E+00  9.3308215976715470E-04
      100.000000  9.0000000000000000E+00  9.8787305900692067E-04
      100.000000  1.0000000000000000E+01  7.9034890590616504E-04
      100.000000  1.1000000000000000E+01  8.5555469402219129E-04
      100.000000  1.2000000000000000E+01  9.1505557641836997E-04
      100.000000  1.3000000000000000E+01  7.4749666263750753E-04
      100.000000  1.4000000000000000E+01  8.9964635851109856E-04
      100.000000  1.5000000000000000E+01  6.7041811652422288E-04
      100.000000  1.6000000000000000E+01  7.9139516373854309E-04
      100.000000  1.7000000000000000E+01  8.7360410433744205E-04
      100.000000  1.8000000000000000E+01  9.4108838908557807E-04
      100.000000  1.9000000000000000E+01  7.9906494013222353E-04
      100.000000  2.0000000000000000E+01  6.3306457303644980E-04
      100.000000  2.1000000000000000E+01  7.2922479913142488E-04
      100.000000  2.2000000000000000E+01  8.0725021087341879E-04
      100.000000  2.3000000000000000E+01  8.4868363608066614E-04
      100.000000  2.4000000000000000E+01  7.2273987494116349E-04
      100.000000  2.5000000000000000E+01  6.5887567965565235E-04
      100.000000  2.6000000000000000E+01  7.0819353597238212E-04
      100.000000  2.7000000000000000E+01  6.2550966496473508E-04
      100.000000  2.8000000000000000E+01  7.5852597354545911E-04
      100.000000  2.9000000000000000E+01  6.7800605392838572E-04
      100.000000  3.0000000000000000E+01  7.8026286245985808E-04
      100.000000  3.1000000000000000E+01  7.3540474427860592E-04
      100.000000  3.2000000000000000E+01  6.8588050294517849E-04
      100.000000  3.3000000000000000E+01  6.8505414127205237E-04
      100.000000  3.4000000000000000E+01  6.5092814808076699E-04
      100.000000  3.5000000000000000E+01  6.2845773166440833E-04
      100.000000  3.6000000000000000E+01  5.9097841814438200E-04
      100.000000  3.7000000000000000E+01  5.5808491464273094E-04
      100.000000  3.8000000000000000E+01  5.7735763196008227E-04
      100.000000  3.9000000000000000E+01  4.2049586768017164E-04
      100.000000  4.0000000000000000E+01  4.5586465755075814E-04
      100.000000  4.1000000000000000E+01  5.2572790410059260E-04
      100.000000  4.2000000000000000E+01  5.5358623830018884E-04
      100.000000  4.3000000000000000E+01  4.3005582388310290E-04
      100.000000  4.4000000000000000E+01  5.4199233639073692E-04
      100.000000  4.5000000000000000E+01  4.1199057544445206E-04
      100.000000  4.6000000000000000E+01  4.4115596249933272E-04
      100.000000  4.7000000000000000E+01  4.8907053528583224E-04
      100.000000  4.8000000000000000E+01  4.8225655381530885E-04
      100.000000  4.9000000000000000E+01  2.7735831099946919E-04
      100.000000  5.0000000000000000E+01  3.4393795512123210E-04
      100.000000  5.1000000000000000E+01  3.4021214551109000E-04
      100.000000  5.2000000000000000E+01  3.2556419654140259E-04
      100.000000  5.3000000000000000E+01  4.0544259202254530E-04
      100.000000  5.4000000000000000E+01  3.0986712365969541E-04
      100.000000  5.5000000000000000E+01  3.0100289070382464E-04
      100.000000  5.6000000000000000E+01  1.9547548388339751E-04
      100.000000  5.7000000000000000E+01  2.3208776830846534E-04
      100.000000  5.8000000000000000E+01  2.5266956990528270E-04
      100.000000  5.9000000000000000E+01  2.5377426490180878E-04
      100.000000  6.0000000000000000E+01  1.8232712073833139E-04
      100.000000  6.1000000000000000E+01  2.4509464812122380E-04
      100.000000  6.2000000000000000E+01  1.9942108821480013E-04
      100.000000  6.3000000000000000E+01  2.0809450353041062E-04
      100.000000  6.4000000000000000E+01  2.4010338281926216E-04
      100.000000  6.5000000000000000E+01  1.9968969225019162E-04
      100.000000  6.6000000000000000E+01  1.6972269884719520E-04
      100.000000  6.7000000000000000E+01  1.0940093025324798E-04
      100.000000  6.8000000000000000E+01  1.8238317847975787E-04
      100.000000  6.9000000000000000E+01  1.3011079211531983E-04
      100.000000  7.0000000000000000E+01  1.3449771028559583E-04
      100.000000  7.1000000000000000E+01  1.3694568968145184E-04
      100.000000  7.2000000000000000E+01  1.4855376425253842E-04
      100.000000  7.3000000000000000E+01  8.4396011303252086E-05
      100.000000  7.4000000000000000E+01  1.0182618965121332E-04
      100.000000  7.5000000000000000E+01  6.8214226592225256E-05
      100.000000  7.6000000000000000E+01  1.0253772220052128E-04
      100.000000  7.7000000000000000E+01  9.4745734069565823E-05
      100.000000  7.8000000000000000E+01  7.5272161204739451E-05
      100.000000  7.9000000000000000E+01  8.3945302975146772E-05
      100.000000  8.0000000000000000E+01  7.2963128536122934E-05
      100.000000  8.1000000000000000E+01  8.0881098101220493E-05
      100.000000  8.2000000000000000E+01  8.8749012112686898E-05
      100.000000  8.3000000000000000E+01  8.0407113391000275E-05
      100.000000  8.4000000000000000E+01  7.3658808975019696E-05
      100.000000  8.5000000000000000E+01  9.3502003201201321E-05
      100.000000  8.6000000000000000E+01  9.0938654485797768E-05
      100.000000  8.7000000000000000E+01  9.7377163862566582E-05
      100.000000  8.8000000000000000E+01  9.6744552031707395E-05
      100.000000  8.9000000000000000E+01  9.0201007457709308E-05
      100.000000  9.0000000000000000E+01  7.7386700297863489E-05
      100.000000  9.1000000000000000E+01  8.1884017606066891E-05
      100.000000  9.2000000000000000E+01  7.4970621424626284E-05
      100.000000  9.3000000000000000E+01  8.2503570234456841E-05
      100.000000  9.4000000000000000E+01  8.5526327185434149E-05
      100.000000  9.5000000000000000E+01  8.3466948395900093E-05
      100.000000  9.6000000000000000E+01  1.1186351810855477E-04
      100.000000  9.7000000000000000E+01  7.3413692823947393E-05
      100.000000  9.8000000000000000E+01  8.6677519045207392E-05
      100.000000  9.9000000000000000E+01  8.4876567884648030E-05
      100.000000  1.0000000000000000E+02  7.7388931585823414E-05
      100.000000  1.0100000000000000E+02  8.0722648630422055E-05
      100.000000  1.0200000000000000E+02  7.3799095385340159E-05
      100.000000  1.0300000000000000E+02  9.3736337350896131E-05
      100.000000  1.0400000000000000E+02  7.8796847372116535E-05
      100.000000  1.0500000000000000E+02  1.3201469975426209E-04
      100.000000  1.0600000000000000E+02  1.3991487269383795E-04
      100.000000  1.0700000000000000E+02  1.2648268833664934E-04
      100.000000  1.0800000000000000E+02  1.2481809598929947E-04
      100.000000  1.0900000000000000E+02  1.2201416609867649E-04
      100.000000  1.1000000000000000E+02  1.5153358402658317E-04
      100.000000  1.1100000000000000E+02  1.4415379007165467E-04
      100.000000  1.1200000000000000E+02  1.3072273710582362E-04
      100.000000  1.1300000000000000E+02  1.3324808661105390E-04
      100.000000  1.1400000000000000E+02  1.4657032123939454E-04
      100.000000  1.1500000000000000E+02  1.5737192540472153E-04
      100.000000  1.1600000000000000E+02  1.1625726221101596E-04
      100.000000  1.1700000000000000E+02  1.1327141386597284E-04
      100.000000  1.1800000000000000E+02  2.0834992602088493E-04
      100.000000  1.1900000000000000E+02  2.5852230866576278E-04
      100.000000  1.2000000000000000E+02  1.8540688606062769E-04
      100.000000  1.2100000000000000E+02  1.8391056217241324E-04
      100.000000  1.2200000000000000E+02  2.0504950906097077E-04
      100.000000  1.2300000000000000E+02  2.8632568583844819E-04
      100.000000  1.2400000000000000E+02  2.6067688356934513E-04
      100.000000  1.2500000000000000E+02  1.8200364564705313E-04
      100.000000  1.2600000000000000E+02  2.5658117595667146E-04
      100.000000  1.2700000000000000E+02  3.0058051352504166E-04
      100.000000  1.2800000000000000E+02  3.0751793275834966E-04
      100.000000  1.2900000000000000E+02  3.0160390327192650E-04
      100.000000  1.3000000000000000E+02  3.3569542866616144E-04
      100.000000  1.3100000000000000E+02  3.7018481920374799E-04
      100.000000  1.3200000000000000E+02  3.7426680577978122E-04
      100.000000  1.3300000000000000E+02  3.2908220067624750E-04
      100.000000  1.3400000000000000E+02  3.4574919712594237E-04
      100.000000  1.3500000000000000E+02  4.2330925631358323E-04
      100.000000  1.3600000000000000E+02  3.9174466300768382E-04
      100.000000  1.3700000000000000E+02  4.3418374677856307E-04
      100.000000  1.3800000000000000E+02  4.9122226583315826E-04
      100.000000  1.3900000000000000E+02  4.6628762003351950E-04
      100.000000  1.4000000000000000E+02  5.2545228858260013E-04
      100.000000  1.4100000000000000E+02  4.8728473735332103E-04
      100.000000  1.4200000000000000E+02  5.6361078025115880E-04
      100.000000  1.4300000000000000E+02  5.0193235477228031E-04
      100.000000  1.4400000000000000E+02  6.2311554336116437E-04
      100.000000  1.4500000000000000E+02  6.0044465621215807E-04
      100.000000  1.4600000000000000E+02  4.8594690598150798E-04
      100.000000  1.4700000000000000E+02  5.2042669660182911E-04
      100.000000  1.4800000000000000E+02  6.5438244574225648E-04
      100.000000  1.4900000000000000E+02  6.0235767481313048E-04
      100.000000  1.5000000000000000E+02  5.7605192365599864E-04
      100.000000  1.5100000000000000E+02  6.2547441154915770E-04
      100.000000  1.5200000000000000E+02  6.4599044525811720E-04
      100.000000  1.5300000000000000E+02  7.2241763288325908E-04
      100.000000  1.5400000000000000E+02  6.7626113071384540E-04
      100.000000  1.5500000000000000E+02  7.6042390947162126E-04
      100.000000  1.5600000000000000E+02  7.4526752370976889E-04
      100.000000  1.5700000000000000E+02  7.6480919305648885E-04
      100.000000  1.5800000000000000E+02  8.1540221305374263E-04
      100.000000  1.5900000000000000E+02  7.6964600575395550E-04
      100.000000  1.6000000000000000E+02  7.1026475232506179E-04
      100.000000  1.6100000000000000E+02  8.1935289080167643E-04
      100.000000  1.6200000000000000E+02  7.7484240713743811E-04
      100.000000  1.6300000000000000E+02  9.0861285188734034E-04
      100.000000  1.6400000000000000E+02  9.4013039040867843E-04
      100.000000  1.6500000000000000E+02  7.8382037474353770E-04
      100.000000  1.6600000000000000E+02  9.5393576539235219E-04
      100.000000  1.6700000000000000E+02  7.1577549411984355E-04
      100.000000  1.6800000000000000E+02  7.7454751734359483E-04
      100.000000  1.6900000000000000E+02  7.6946023041690476E-04
      100.000000  1.7000000000000000E+02  7.0995968137933275E-04
      100.000000  1.7100000000000000E+02  8.6741887412486094E-04
      100.000000  1.7200000000000000E+02  1.0147505318167109E-03
      100.000000  1.7300000000000000E+02  7.6549803961406732E-04
      100.000000  1.7400000000000000E+02  9.2552155036356278E-04
      100.000000  1.7500000000000000E+02  1.0818635290150479E-03
      100.000000  1.7600000000000000E+02  9.7225576101463954E-04
      100.000000  1.7700000000000000E+02  5.6684555201200811E-04
      100.000000  1.7800000000000000E+02  7.6473675747141059E-04
      100.000000  1.7900000000000000E+02  5.8781555277031747E-04
      100.000000  1.8000000000000000E+02  1.0842781538911478E-03

      150.000000  0.0000000000000000E+00  0.0000000000000000E+00
      150.000000  1.0000000000000000E+00  4.5692083600258712E-02
      150.000000  2.0000000000000000E+00  8.9833096792877318E-04
      150.000000  3.0000000000000000E+00  8.7361145076801010E-04
      150.000000  4.0000000000000000E+00  9.2334270805412299E-04
      150.000000  5.0000000000000000E+00  7.5373084490001582E-04
      150.000000  6.0000000000000000E+00  5.9462940390695525E-04
      150.000000  7.0000000000000000E+00  1.1553210106270263E-03
      150.000000  8.0000000000000000E+00  9.2830417820630217E-04
      150.000000  9.0000000000000000E+00  9.5111039274407654E-04
      150.000000  1.0000000000000000E+01  7.3594639247000747E-04
      150.000000  1.1000000000000000E+01  7.9751644156272124E-04
      150.000000  1.2000000000000000E+01  8.8739236702193572E-04
      150.000000  1.3000000000000000E+01  7.2706394261724729E-04
      150.000000  1.4000000000000000E+01  8.2608381492125030E-04
      150.000000  1.5000000000000000E+01  6.6496050081532381E-04
      150.000000  1.6000000000000000E+01  7.0444086148734454E-04
      150.000000  1.7000000000000000E+01  8.2999156093120250E-04
      150.000000  1.8000000000000000E+01  8.9111790533424754E-04
      150.000000  1.9000000000000000E+01  7.7502358993372146E-04
      150.000000  2.0000000000000000E+01  6.2981215473305145E-04
      150.000000  2.1000000000000000E+01  7.0535295203905818E-04
      150.000000  2.2000000000000000E+01  7.6289840437074547E-04
      150.000000  2.3000000000000000E+01  8.5507430093306129E-04
      150.000000  2.4000000000000000E+01  7.0107948005935323E-04
      150.000000  2.5000000000000000E+01  6.2195062506819492E-04
      150.000000  2.6000000000000000E+01  7.1728944299501022E-04
      150.000000  2.7000000000000000E+01  6.2195208935479553E-04
      150.000000  2.8000000000000000E+01  7.1598593681520824E-04
      150.000000  2.9000000000000000E+01  6.4623769467546204E-04
      150.000000  3.0000000000000000E+01  7.6508985920821710E-04
      150.000000  3.1000000000000000E+01  6.6887362088179222E-04
      150.000000  3.2000000000000000E+01  6.5805119065886000E-04
      150.000000  3.3000000000000000E+01  6.4381633026201702E-04
      150.000000  3.4000000000000000E+01  6.5936494108383864E-04
      150.000000  3.5000000000000000E+01  6.0578531841683594E-04
      150.000000  3.6000000000000000E+01  5.8011653423327978E-04
      150.000000  3.7000000000000000E+01  5.3252673630546611E-04
      150.000000  3.8000000000000000E+01  5.4984769134971642E-04
      150.000000  3.9000000000000000E+01  3.9702984513164622E-04
      150.000000  4.0000000000000000E+01  4.6921284469434143E-04
      150.000000  4.1000000000000000E+01  4.6384203453422385E-04
      150.000000  4.2000000000000000E+01  4.9808012098925011E-04
      150.000000  4.3000000000000000E+01  4.2132061404076348E-04
      150.000000  4.4000000000000000E+01  5.3295662363461022E-04
      150.000000  4.5000000000000000E+01  3.6746234848994007E-04
      150.000000  4.6000000000000000E+01  4.0931615180276454E-04
      150.000000  4.7000000000000000E+01  4.4172937753176103E-04
      150.000000  4.8000000000000000E+01  4.7653423165951782E-04
      150.000000  4.9000000000000000E+01  2.7486933037402687E-04
      150.000000  5.0000000000000000E+01  3.1609215259012751E-04
      150.000000  5.1000000000000000E+01  3.2458271772708308E-04
      150.000000  5.2000000000000000E+01  3.2146359428290535E-04
      150.000000  5.3000000000000000E+01  3.6149399420182455E-04
      150.000000  5.4000000000000000E+01  2.8539022125475410E-04
      150.000000  5.5000000000000000E+01  3.1600563165935119E-04
      150.000000  5.6000000000000000E+01  1.7347044548816684E-04
      150.000000  5.7000000000000000E+01  2.0427468812246101E-04
      150.000000  5.8000000000000000E+01  2.0517508622698534E-04
      150.000000  5.9000000000000000E+01  2.3896040834390546E-04
      150.000000  6.0000000000000000E+01  1.5076691866849001E-04
      150.000000  6.1000000000000000E+01  2.3505252505923112E-04
      150.000000  6.2000000000000000E+01  1.8568257697082640E-04
      150.000000  6.3000000000000000E+01  1.7311041759411039E-04
      150.000000  6.4000000000000000E+01  1.8784446332343216E-04
      150.000000  6.5000000000000000E+01  1.6536258414114199E-04
      150.000000  6.6000000000000000E+01  1.4260248394375662E-04
      150.000000  6.7000000000000000E+01  8.9460897970003952E-05
      150.000000  6.8000000000000000E+01  1.6085556106588405E-04
      150.000000  6.9000000000000000E+01  1.2259097123418986E-04
      150.000000  7.0000000000000000E+01  8.7249206767915822E-05
      150.000000  7.1000000000000000E+01  1.1693230690338693E-04
      150.000000  7.2000000000000000E+01  1.3237118441887291E-04
      150.000000  7.3000000000000000E+01  7.1982340519547431E-05
      150.000000  7.4000000000000000E+01  1.0114892499705126E-04
      150.000000  7.5000000000000000E+01  6.0105233247790319E-05
      150.000000  7.6000000000000000E+01  6.5652016591464545E-05
      150.000000  7.7000000000000000E+01  6.5488839302421678E-05
      150.000000  7.8000000000000000E+01  6.4037654655385305E-05
      150.000000  7.9000000000000000E+01  6.8324302131671913E-05
      150.000000  8.0000000000000000E+01  8.3129361625972870E-05
      150.000000  8.1000000000000000E+01  7.3222803602637299E-05
      150.000000  8.2000000000000000E+01  7.4288098816210332E-05
      150.000000  8.3000000000000000E+01  7.7513475472760463E-05
      150.000000  8.4000000000000000E+01  5.6051644392128513E-05
      150.000000  8.5000000000000000E+01  6.2907907141307627E-05
      150.000000  8.6000000000000000E+01  6.0025252306287525E-05
      150.000000  8.7000000000000000E+01  7.6943017317341122E-05
      150.000000  8.8000000000000000E+01  7.1516755492353123E-05
      150.000000  8.9000000000000000E+01  7.2771634882716181E-05
      150.000000  9.0000000000000000E+01  6.2821510964772704E-05
      150.000000  9.1000000000000000E+01  5.5976242689541498E-05
      150.000000  9.2000000000000000E+01  7.0133779898696989E-05
      150.000000  9.3000000000000000E+01  5.3346362102742106E-05
      150.000000  9.4000000000000000E+01  6.1066061208070040E-05
      150.000000  9.5000000000000000E+01  6.7999860989672296E-05
      150.000000  9.6000000000000000E+01  6.0235814325439093E-05
      150.000000  9.7000000000000000E+01  6.5326759332091946E-05
      150.000000  9.8000000000000000E+01  6.7518654454917288E-05
      150.000000  9.9000000000000000E+01  7.3759108022790877E-05
      150.000000  1.0000000000000000E+02  7.7043218795991837E-05
      150.000000  1.0100000000000000E+02  7.4781401996205910E-05
      150.000000  1.0200000000000000E+02  8.9758042794402642E-05
      150.000000  1.0300000000000000E+02  6.6571883931729458E-05
      150.000000  1.0400000000000000E+02  8.0341836717328881E-05
      150.000000  1.0500000000000000E+02  9.8485029615502911E-05
      150.000000  1.0600000000000000E+02  1.2726716292672788E-04
      150.000000  1.0700000000000000E+02  1.0225660479307568E-04
      150.000000  1.0800000000000000E+02  1.0417866240302339E-04
      150.000000  1.0900000000000000E+02  1.0030157969862496E-04
      150.000000  1.1000000000000000E+02  1.4919284408380562E-04
      150.000000  1.1100000000000000E+02  1.2233221360740838E-04
      150.000000  1.1200000000000000E+02  1.2198112613008405E-04
      150.000000  1.1300000000000000E+02  1.1230477155676962E-04
      150.000000  1.1400000000000000E+02  1.2914543661012411E-04
      150.000000  1.1500000000000000E+02  1.2965870113440704E-04
      150.000000  1.1600000000000000E+02  8.5480715389779847E-05
      150.000000  1.1700000000000000E+02  1.0767754258828995E-04
      150.000000  1.1800000000000000E+02  1.7869271615288942E-04
      150.000000  1.1900000000000000E+02  2.5837207466258556E-04
      150.000000  1.2000000000000000E+02  1.5917286593958177E-04
      150.000000  1.2100000000000000E+02  1.6937584949540356E-04
      150.000000  1.2200000000000000E+02  1.9113601194610725E-04
      150.000000  1.2300000000000000E+02  2.7207206166866626E-04
      150.000000  1.2400000000000000E+02  2.3254313142590717E-04
      150.000000  1.2500000000000000E+02  1.8368649623043558E-04
      150.000000  1.2600000000000000E+02  2.4811723643354495E-04
      150.000000  1.2700000000000000E+02  2.9415985356854928E-04
      150.000000  1.2800000000000000E+02  2.8992099972652697E-04
      150.000000  1.2900000000000000E+02  2.9565387798998627E-04
      150.000000  1.3000000000000000E+02  3.1672044689098238E-04
      150.000000  1.3100000000000000E+02  3.5120894065516448E-04
      150.000000  1.3200000000000000E+02  3.7485759536244975E-04
      150.000000  1.3300000000000000E+02  3.1681046651027604E-04
      150.000000  1.3400000000000000E+02  3.7871625352973873E-04
      150.000000  1.3500000000000000E+02  4.1132513583642472E-04
      150.000000  1.3600000000000000E+02  3.4455959459804504E-04
      150.000000  1.3700000000000000E+02  3.8747081143186425E-04
      150.000000  1.3800000000000000E+02  4.6846474328447334E-04
      150.000000  1.3900000000000000E+02  4.5021992382860890E-04
      150.000000  1.4000000000000000E+02  4.9807745205455100E-04
      150.000000  1.4100000000000000E+02  4.6000266930134746E-04
      150.000000  1.4200000000000000E+02  4.9735538206404739E-04
      150.000000  1.4300000000000000E+02  4.7570463741624178E-04
      150.000000  1.4400000000000000E+02  5.9842254057868494E-04
      150.000000  1.4500000000000000E+02  5.8603962815345666E-04
      150.000000  1.4600000000000000E+02  4.7043290113556418E-04
      150.000000  1.4700000000000000E+02  4.7986671656922428E-04
      150.000000  1.4800000000000000E+02  6.1660691963219300E-04
      150.000000  1.4900000000000000E+02  5.8091338032135228E-04
      150.000000  1.5000000000000000E+02  5.2049211084671690E-04
      150.000000  1.5100000000000000E+02  6.4124534766558331E-04
      150.000000  1.5200000000000000E+02  6.2539330554494538E-04
      150.000000  1.5300000000000000E+02  7.0402129255931953E-04
      150.000000  1.5400000000000000E+02  6.4581633030542332E-04
      150.000000  1.5500000000000000E+02  7.4418832988224675E-04
      150.000000  1.5600000000000000E+02  6.4002510274424737E-04
      150.000000  1.5700000000000000E+02  6.9308000222824461E-04
      150.000000  1.5800000000000000E+02  8.0381465428922786E-04
      150.000000  1.5900000000000000E+02  7.6234004819560248E-04
      150.000000  1.6000000000000000E+02  7.2148478068473603E-04
      150.000000  1.6100000000000000E+02  8.1132269228620748E-04
      150.000000  1.6200000000000000E+02  7.3962959482159270E-04
      150.000000  1.6300000000000000E+02  8.4265441666463473E-04
      150.000000  1.6400000000000000E+02  8.9956225091602626E-04
      150.000000  1.6500000000000000E+02  7.7348839874897906E-04
      150.000000  1.6600000000000000E+02  9.1204090187858551E-04
      150.000000  1.6700000000000000E+02  7.1222836586314498E-04
      150.000000  1.6800000000000000E+02  7.6641038913690827E-04
      150.000000  1.6900000000000000E+02  7.5342037282162782E-04
      150.000000  1.7000000000000000E+02  6.9858068989056901E-04
      150.000000  1.7100000000000000E+02  8.7331644088802917E-04
      150.000000  1.7200000000000000E+02  9.7478674886670492E-04
      150.000000  1.7300000000000000E+02  7.1214388708648374E-04
      150.000000  1.7400000000000000E+02  8.6897802489059952E-04
      150.000000  1.7500000000000000E+02  1.0801971910357820E-03
      150.000000  1.7600000000000000E+02  8.7961770126793832E-04
      150.000000  1.7700000000000000E+02  4.6061635086920761E-04
      150.000000  1.7800000000000000E+02  6.9808269594350588E-04
      150.000000  1.7900000000000000E+02  5.8508537415788669E-04
      150.000000  1.8000000000000000E+02  1.0962423759229363E-03

      200.000000  0.0000000000000000E+00  0.0000000000000000E+00
      200.000000  1.0000000000000000E+00  4.5781253139596495E-02
      200.000000  2.0000000000000000E+00  8.0742955439676702E-04
      200.000000  3.0000000000000000E+00  8.0987104428906556E-04
      200.000000  4.0000000000000000E+00  8.5218668462559266E-04
      200.000000  5.0000000000000000E+00  7.5407880724253512E-04
      200.000000  6.0000000000000000E+00  5.9450829757277826E-04
      200.000000  7.0000000000000000E+00  1.0987702283780962E-03
      200.000000  8.0000000000000000E+00  9.3434838286709186E-04
      200.000000  9.0000000000000000E+00  9.7154645882159747E-04
      200.000000  1.0000000000000000E+01  7.1069802884670135E-04
      200.000000  1.1000000000000000E+01  7.5735861682982492E-04
      200.000000  1.2000000000000000E+01  9.0687458101168690E-04
      200.000000  1.3000000000000000E+01  7.1437000979014686E-04
      200.000000  1.4000000000000000E+01  8.2866857630560097E-04
      200.000000  1.5000000000000000E+01  6.3174035309999043E-04
      200.000000  1.6000000000000000E+01  7.1590019685575403E-04
      200.000000  1.7000000000000000E+01  8.1144576500221288E-04
      200.000000  1.8000000000000000E+01  8.7592878755166862E-04
      200.000000  1.9000000000000000E+01  6.9997810962506995E-04
      200.000000  2.0000000000000000E+01  6.1826290773838322E-04
      200.000000  2.1000000000000000E+01  6.8359712161397007E-04
      200.000000  2.2000000000000000E+01  7.4719847460507055E-04
      200.000000  2.3000000000000000E+01  8.1435773519918878E-04
      200.000000  2.4000000000000000E+01  7.1918887639540650E-04
      200.000000  2.5000000000000000E+01  6.3007939527742198E-04
      200.000000  2.6000000000000000E+01  6.9823950896644919E-04
      200.000000  2.7000000000000000E+01  6.0502547478478118E-04
      200.000000  2.8000000000000000E+01  6.7272348366153949E-04
      200.000000  2.9000000000000000E+01  6.8824564851842048E-04
      200.000000  3.0000000000000000E+01  7.5138254249000483E-04
      200.000000  3.1000000000000000E+01  6.8675993442410374E-04
      200.000000  3.2000000000000000E+01  6.5291530536716364E-04
      200.000000  3.3000000000000000E+01  5.9681072852922948E-04
      200.000000  3.4000000000000000E+01  6.2314535355197239E-04
      200.000000  3.5000000000000000E+01  5.9825784322869210E-04
      200.000000  3.6000000000000000E+01  5.6541375842072972E-04
      200.000000  3.7000000000000000E+01  4.9877823519019855E-04
      200.000000  3.8000000000000000E+01  5.2648065274227892E-04
      200.000000  3.9000000000000000E+01  3.8847513887838416E-04
      200.000000  4.0000000000000000E+01  4.2283735133712646E-04
      200.000000  4.1000000000000000E+01  4.7254503513144793E-04
      200.000000  4.2000000000000000E+01  4.8127990730203627E-04
      200.000000  4.3000000000000000E+01  4.1029636912484982E-04
      200.000000  4.4000000000000000E+01  5.1293618544433564E-04
      200.000000  4.5000000000000000E+01  3.6248916672858831E-04
      200.000000  4.6000000000000000E+01  4.0590243634966460E-04
      200.000000  4.7000000000000000E+01  4.3046482486203082E-04
      200.000000  4.8000000000000000E+01  4.4846315234188842E-04
      200.000000  4.9000000000000000E+01  2.6198237126755648E-04
      200.000000  5.0000000000000000E+01  3.0261696238469409E-04
      200.000000  5.1000000000000000E+01  3.1176821780933635E-04
      200.000000  5.2000000000000000E+01  2.8959667498729157E-04
      200.000000  5.3000000000000000E+01  3.5345427094834200E-04
      200.000000  5.4000000000000000E+01  2.7347742725961419E-04
      200.000000  5.5000000000000000E+01  2.6055573767744462E-04
      200.000000  5.6000000000000000E+01  1.6716997711056799E-04
      200.000000  5.7000000000000000E+01  1.9669848108613453E-04
      200.000000  5.8000000000000000E+01  2.0874170239243499E-04
      200.000000  5.9000000000000000E+01  2.1775997856961080E-04
      200.000000  6.0000000000000000E+01  1.6739504874103739E-04
      200.000000  6.1000000000000000E+01  2.0422380127222775E-04
      200.000000  6.2000000000000000E+01  1.5664083189687565E-04
      200.000000  6.3000000000000000E+01  1.5719905723371241E-04
      200.000000  6.4000000000000000E+01  1.9207256971338134E-04
      200.000000  6.5000000000000000E+01  1.6428447339817280E-04
      200.000000  6.6000000000000000E+01  1.2353846499419115E-04
      200.000000  6.7000000000000000E+01  8.0382843505202525E-05
      200.000000  6.8000000000000000E+01  1.5059479176111375E-04
      200.000000  6.9000000000000000E+01  1.3873258871928591E-04
      200.000000  7.0000000000000000E+01  9.8152529041124431E-05
      200.000000  7.1000000000000000E+01  9.6645998121972179E-05
      200.000000  7.2000000000000000E+01  1.1392214274607045E-04
      200.000000  7.3000000000000000E+01  7.6750737160939856E-05
      200.000000  7.4000000000000000E+01  9.0632514653307176E-05
      200.000000  7.5000000000000000E+01  5.3040773919412741E-05
      200.000000  7.6000000000000000E+01  7.7734607551949679E-05
      200.000000  7.7000000000000000E+01  5.7124828003309570E-05
      200.000000  7.8000000000000000E+01  6.6520272818148572E-05
      200.000000  7.9000000000000000E+01  4.3790210308307220E-05
      200.000000  8.0000000000000000E+01  4.6920130809743305E-05
      200.000000  8.1000000000000000E+01  7.4526032117200553E-05
      200.000000  8.2000000000000000E+01  6.4399625031951588E-05
      200.000000  8.3000000000000000E+01  5.2201460797144294E-05
      200.000000  8.4000000000000000E+01  5.3101226068663598E-05
      200.000000  8.5000000000000000E+01  6.1150124762115578E-05
      200.000000  8.6000000000000000E+01  4.5401794426705905E-05
      200.000000  8.7000000000000000E+01  5.3054988071266872E-05
      200.000000  8.8000000000000000E+01  5.8144844132774556E-05
      200.000000  8.9000000000000000E+01  5.5090572449188878E-05
      200.000000  9.0000000000000000E+01  4.3451635347899848E-05
      200.000000  9.1000000000000000E+01  7.0122325060792252E-05
      200.000000  9.2000000000000000E+01  6.2777277837619013E-05
      200.000000  9.3000000000000000E+01  5.6087930478478867E-05
      200.000000  9.4000000000000000E+01  7.1543397289191484E-05
      200.000000  9.5000000000000000E+01  6.0845447313367192E-05
      200.000000  9.6000000000000000E+01  3.9516702399246004E-05
      200.000000  9.7000000000000000E+01  5.1034252023920511E-05
      200.000000  9.8000000000000000E+01  4.1550960779527708E-05
      200.000000  9.9000000000000000E+01  5.7419255132207096E-05
      200.000000  1.0000000000000000E+02  3.9836546573709919E-05
      200.000000  1.0100000000000000E+02  4.9535691892638695E-05
      200.000000  1.0200000000000000E+02  4.0305145731476848E-05
      200.000000  1.0300000000000000E+02  5.8733572461797490E-05
      200.000000  1.0400000000000000E+02  6.1459330300200530E-05
      200.000000  1.0500000000000000E+02  1.0484205595199823E-04
      200.000000  1.0600000000000000E+02  1.2513990667570868E-04
      200.000000  1.0700000000000000E+02  8.5626784755015131E-05
      200.000000  1.0800000000000000E+02  8.8858990697787162E-05
      200.000000  1.0900000000000000E+02  9.8918125668758850E-05
      200.000000  1.1000000000000000E+02  1.2144946328814044E-04
      200.000000  1.1100000000000000E+02  1.1931906403585436E-04
      200.000000  1.1200000000000000E+02  1.0473689261792639E-04
      200.000000  1.1300000000000000E+02  9.1498638060281420E-05
      200.000000  1.1400000000000000E+02  1.1710095648355692E-04
      200.000000  1.1500000000000000E+02  1.1112935621961137E-04
      200.000000  1.1600000000000000E+02  9.7237003892022993E-05
      200.000000  1.1700000000000000E+02  1.0814256489942632E-04
      200.000000  1.1800000000000000E+02  1.6249335857485394E-04
      200.000000  1.1900000000000000E+02  2.4251810065539347E-04
      200.000000  1.2000000000000000E+02  1.3628783882493949E-04
      200.000000  1.2100000000000000E+02  1.6601853535333323E-04
      200.000000  1.2200000000000000E+02  1.9340261524096995E-04
      200.000000  1.2300000000000000E+02  2.4849265813012760E-04
      200.000000  1.2400000000000000E+02  2.2357074164057976E-04
      200.000000  1.2500000000000000E+02  1.7106950291736518E-04
      200.000000  1.2600000000000000E+02  2.1418538563333154E-04
      200.000000  1.2700000000000000E+02  2.5759379852423065E-04
      200.000000  1.2800000000000000E+02  2.7011097750421407E-04
      200.000000  1.2900000000000000E+02  2.6218483613124090E-04
      200.000000  1.3000000000000000E+02  3.2018987348320869E-04
      200.000000  1.3100000000000000E+02  3.2445835902119061E-04
      200.000000  1.3200000000000000E+02  3.5386288278996795E-04
      200.000000  1.3300000000000000E+02  3.1393399233990802E-04
      200.000000  1.3400000000000000E+02  3.4029288769612907E-04
      200.000000  1.3500000000000000E+02  3.8536975046906400E-04
      200.000000  1.3600000000000000E+02  3.5504219218987368E-04
      200.000000  1.3700000000000000E+02  3.7232438356942730E-04
      200.000000  1.3800000000000000E+02  4.6065249324502792E-04
      200.000000  1.3900000000000000E+02  4.3964256156733242E-04
      200.000000  1.4000000000000000E+02  4.8607305075213742E-04
      200.000000  1.4100000000000000E+02  4.6363801821265095E-04
      200.000000  1.4200000000000000E+02  4.9323806733496238E-04
      200.000000  1.4300000000000000E+02  4.6935738414918777E-04
      200.000000  1.4400000000000000E+02  6.0113549727372321E-04
      200.000000  1.4500000000000000E+02  5.1336294455987656E-04
      200.000000  1.4600000000000000E+02  4.3574003015610786E-04
      200.000000  1.4700000000000000E+02  4.5630889522014340E-04
      200.000000  1.4800000000000000E+02  5.9709643916891302E-04
      200.000000  1.4900000000000000E+02  5.5693167552110410E-04
      200.000000  1.5000000000000000E+02  5.3407663349077294E-04
      200.000000  1.5100000000000000E+02  6.1551378777635537E-04
      200.000000  1.5200000000000000E+02  5.9795872670704566E-04
      200.000000  1.5300000000000000E+02  6.7807139876904928E-04
      200.000000  1.5400000000000000E+02  6.4267661492344442E-04
      200.000000  1.5500000000000000E+02  7.2452930271529978E-04
      200.000000  1.5600000000000000E+02  6.4495129341825708E-04
      200.000000  1.5700000000000000E+02  7.2332068946348810E-04
      200.000000  1.5800000000000000E+02  7.3742204366920405E-04
      200.000000  1.5900000000000000E+02  7.0598263584989852E-04
      200.000000  1.6000000000000000E+02  6.8323644240880538E-04
      200.000000  1.6100000000000000E+02  7.6366910610949936E-04
      200.000000  1.6200000000000000E+02  7.3340095423500833E-04
      200.000000  1.6300000000000000E+02  8.1734040682168209E-04
      200.000000  1.6400000000000000E+02  8.6885650903404321E-04
      200.000000  1.6500000000000000E+02  7.6900227722963071E-04
      200.000000  1.6600000000000000E+02  9.0104567001828776E-04
      200.000000  1.6700000000000000E+02  6.7888830727910244E-04
      200.000000  1.6800000000000000E+02  7.1469519177830266E-04
      200.000000  1.6900000000000000E+02  7.2282474493622615E-04
      200.000000  1.7000000000000000E+02  6.8935047688667645E-04
      200.000000  1.7100000000000000E+02  7.5641155795698998E-04
      200.000000  1.7200000000000000E+02  9.8684955556225043E-04
      200.000000  1.7300000000000000E+02  7.1132205713925829E-04
      200.000000  1.7400000000000000E+02  8.3803066635047645E-04
      200.000000  1.7500000000000000E+02  1.0214596742039396E-03
      200.000000  1.7600000000000000E+02  8.2321155120167254E-04
      200.000000  1.7700000000000000E+02  4.5815420645466695E-04
      200.000000  1.7800000000000000E+02  6.5800908257527743E-04
      200.000000  1.7900000000000000E+02  5.2440819356354711E-04
      200.000000  1.8000000000000000E+02  1.0896029694225649E-03

      250.000000  0.0000000000000000E+00  0.0000000000000000E+00
      250.000000  1.0000000000000000E+00  4.9081731952943859E-02
      250.000000  2.0000000000000000E+00  9.1498551911541840E-04
      250.000000  3.0000000000000000E+00  7.9609753310985070E-04
      250.000000  4.0000000000000000E+00  9.2784851282438831E-04
      250.000000  5.0000000000000000E+00  7.1528022270415904E-04
      250.000000  6.0000000000000000E+00  6.1413886832879479E-04
      250.000000  7.0000000000000000E+00  1.1668438445745764E-03
      250.000000  8.0000000000000000E+00  9.5131644479948447E-04
      250.000000  9.0000000000000000E+00  8.6460508196715947E-04
      250.000000  1.0000000000000000E+01  7.3866648819644976E-04
      250.000000  1.1000000000000000E+01  7.8776084596938122E-04
      250.000000  1.2000000000000000E+01  8.6757063756176772E-04
      250.000000  1.3000000000000000E+01  7.1551111592604811E-04
      250.000000  1.4000000000000000E+01  8.1721397518441088E-04
      250.000000  1.5000000000000000E+01  6.5192131347950491E-04
      250.000000  1.6000000000000000E+01  6.9476388737127253E-04
      250.000000  1.7000000000000000E+01  7.9458222752611183E-04
      250.000000  1.8000000000000000E+01  8.9696256637488954E-04
      250.000000  1.9000000000000000E+01  7.3152359071263515E-04
      250.000000  2.0000000000000000E+01  6.3484596155193940E-04
      250.000000  2.1000000000000000E+01  6.7000318941227413E-04
      250.000000  2.2000000000000000E+01  7.7019449437460547E-04
      250.000000  2.3000000000000000E+01  8.4168795828610838E-04
      250.000000  2.4000000000000000E+01  6.9114830827362911E-04
      250.000000  2.5000000000000000E+01  6.1726855154595770E-04
      250.000000  2.6000000000000000E+01  6.9116512698480482E-04
      250.000000  2.7000000000000000E+01  6.0942033193635942E-04
      250.000000  2.8000000000000000E+01  7.2285331474397868E-04
      250.000000  2.9000000000000000E+01  6.4244650169671658E-04
      250.000000  3.0000000000000000E+01  7.6255844510690835E-04
      250.000000  3.1000000000000000E+01  6.6894255922643128E-04
      250.000000  3.2000000000000000E+01  6.3646356424055161E-04
      250.000000  3.3000000000000000E+01  6.1811358184679459E-04
      250.000000  3.4000000000000000E+01  6.4674064991347138E-04
      250.000000  3.5000000000000000E+01  6.2328548932702812E-04
      250.000000  3.6000000000000000E+01  5.6203220758520821E-04
      250.000000  3.7000000000000000E+01  5.2855351280893081E-04
      250.000000  3.8000000000000000E+01  5.0520481572929226E-04
      250.000000  3.9000000000000000E+01  3.7273451453313544E-04
      250.000000  4.0000000000000000E+01  4.4400219327233014E-04
      250.000000  4.1000000000000000E+01  4.7099799274187429E-04
      250.000000  4.2000000000000000E+01  5.0504894775600499E-04
      250.000000  4.3000000000000000E+01  3.9904560397690045E-04
      250.000000  4.4000000000000000E+01  5.1582033205559402E-04
      250.000000  4.5000000000000000E+01  3.5690655969230069E-04
      250.000000  4.6000000000000000E+01  3.9389500980413088E-04
      250.000000  4.7000000000000000E+01  4.2027988231440439E-04
      250.000000  4.8000000000000000E+01  4.4653099990334631E-04
      250.000000  4.9000000000000000E+01  2.6053812428124853E-04
      250.000000  5.0000000000000000E+01  3.1121882875831993E-04
      250.000000  5.1000000000000000E+01  3.0935408519249408E-04
      250.000000  5.2000000000000000E+01  2.9873355358415538E-04
      250.000000  5.3000000000000000E+01  3.6146991279442881E-04
      250.000000  5.4000000000000000E+01  2.7283257139880168E-04
      250.000000  5.5000000000000000E+01  2.5847558809158821E-04
      250.000000  5.6000000000000000E+01  1.5763554131541599E-04
      250.000000  5.7000000000000000E+01  1.9601563844598449E-04
      250.000000  5.8000000000000000E+01  1.9876228776329765E-04
      250.000000  5.9000000000000000E+01  2.1009981131694822E-04
      250.000000  6.0000000000000000E+01  1.4149037128137346E-04
      250.000000  6.1000000000000000E+01  2.1751750393962427E-04
      250.000000  6.2000000000000000E+01  1.6597321602651965E-04
      250.000000  6.3000000000000000E+01  1.7213355080040234E-04
      250.000000  6.4000000000000000E+01  1.7069746114795246E-04
      250.000000  6.5000000000000000E+01  1.5037789300786504E-04
      250.000000  6.6000000000000000E+01  1.3381600797847588E-04
      250.000000  6.7000000000000000E+01  9.0217504422980037E-05
      250.000000  6.8000000000000000E+01  1.5126710527754741E-04
      250.000000  6.9000000000000000E+01  1.2107599920750290E-04
      250.000000  7.0000000000000000E+01  1.0730107912468361E-04
      250.000000  7.1000000000000000E+01  1.0772937709777270E-04
      250.000000  7.2000000000000000E+01  1.1664183018888430E-04
      250.000000  7.3000000000000000E+01  6.7047073304115569E-05
      250.000000  7.4000000000000000E+01  7.6764802500118738E-05
      250.000000  7.5000000000000000E+01  4.8631958400222712E-05
      250.000000  7.6000000000000000E+01  5.9119331349605063E-05
      250.000000  7.7000000000000000E+01  5.5126848459932202E-05
      250.000000  7.8000000000000000E+01  4.1448771636918343E-05
      250.000000  7.9000000000000000E+01  5.7666097552372077E-05
      250.000000  8.0000000000000000E+01  3.1199365266052577E-05
      250.000000  8.1000000000000000E+01  3.7136844552254071E-05
      250.000000  8.2000000000000000E+01  3.4005436840212526E-05
      250.000000  8.3000000000000000E+01  4.1336727101253757E-05
      250.000000  8.4000000000000000E+01  4.1055752220991217E-05
      250.000000  8.5000000000000000E+01  5.6822127086673561E-05
      250.000000  8.6000000000000000E+01  5.3065729820670634E-05
      250.000000  8.7000000000000000E+01  5.9988906043734690E-05
      250.000000  8.8000000000000000E+01  4.7066719104224721E-05
      250.000000  8.9000000000000000E+01  5.0067350301984428E-05
      250.000000  9.0000000000000000E+01  4.6486972685287541E-05
      250.000000  9.1000000000000000E+01  4.0539999448736844E-05
      250.000000  9.2000000000000000E+01  4.8670303401986301E-05
      250.000000  9.3000000000000000E+01  5.3117558093288014E-05
      250.000000  9.4000000000000000E+01  2.8106838088173505E-05
      250.000000  9.5000000000000000E+01  4.7305820186547357E-05
      250.000000  9.6000000000000000E+01  4.7822190992007858E-05
      250.000000  9.7000000000000000E+01  5.0936697663692078E-05
      250.000000  9.8000000000000000E+01  4.5034563298477419E-05
      250.000000  9.9000000000000000E+01  5.6452634684693840E-05
      250.000000  1.0000000000000000E+02  4.9150837708581914E-05
      250.000000  1.0100000000000000E+02  5.0914485158792881E-05
      250.000000  1.0200000000000000E+02  5.3731008506247774E-05
      250.000000  1.0300000000000000E+02  4.2077746460221072E-05
      250.000000  1.0400000000000000E+02  3.8735020582804058E-05
      250.000000  1.0500000000000000E+02  1.1128573921552334E-04
      250.000000  1.0600000000000000E+02  1.2880258855057686E-04
      250.000000  1.0700000000000000E+02  9.4429908415023014E-05
      250.000000  1.0800000000000000E+02  9.1245631021142631E-05
      250.000000  1.0900000000000000E+02  1.1016712971885071E-04
      250.000000  1.1000000000000000E+02  1.1529870644692505E-04
      250.000000  1.1100000000000000E+02  9.2065128330228219E-05
      250.000000  1.1200000000000000E+02  1.2123927617762918E-04
      250.000000  1.1300000000000000E+02  9.6694638351799595E-05
      250.000000  1.1400000000000000E+02  1.2470873712059513E-04
      250.000000  1.1500000000000000E+02  1.0266622109714237E-04
      250.000000  1.1600000000000000E+02  7.6866245758966799E-05
      250.000000  1.1700000000000000E+02  1.0039087709646820E-04
      250.000000  1.1800000000000000E+02  1.6786712802368509E-04
      250.000000  1.1900000000000000E+02  2.3464976648715792E-04
      250.000000  1.2000000000000000E+02  1.4432879211209056E-04
      250.000000  1.2100000000000000E+02  1.4302903253610147E-04
      250.000000  1.2200000000000000E+02  1.8729781214448318E-04
      250.000000  1.2300000000000000E+02  2.5555460836337878E-04
      250.000000  1.2400000000000000E+02  2.1188727806267536E-04
      250.000000  1.2500000000000000E+02  1.6127332201074619E-04
      250.000000  1.2600000000000000E+02  2.4094860133219636E-04
      250.000000  1.2700000000000000E+02  2.6717612756298144E-04
      250.000000  1.2800000000000000E+02  2.7817642243520616E-04
      250.000000  1.2900000000000000E+02  2.6706390300373754E-04
      250.000000  1.3000000000000000E+02  3.1160002232238985E-04
      250.000000  1.3100000000000000E+02  3.1988497207421083E-04
      250.000000  1.3200000000000000E+02  3.6114528339179240E-04
      250.000000  1.3300000000000000E+02  2.8504796473504383E-04
      250.000000  1.3400000000000000E+02  3.4356058713386656E-04
      250.000000  1.3500000000000000E+02  3.8488778450217973E-04
      250.000000  1.3600000000000000E+02  3.4106764567265512E-04
      250.000000  1.3700000000000000E+02  3.7834163963790907E-04
      250.000000  1.3800000000000000E+02  4.3850519507862389E-04
      250.000000  1.3900000000000000E+02  4.5000810836924240E-04
      250.000000  1.4000000000000000E+02  4.7394126382733543E-04
      250.000000  1.4100000000000000E+02  4.2895760258057077E-04
      250.000000  1.4200000000000000E+02  4.9385760757035904E-04
      250.000000  1.4300000000000000E+02  4.6685988696549131E-04
      250.000000  1.4400000000000000E+02  6.0403504520775979E-04
      250.000000  1.4500000000000000E+02  5.5951073231869238E-04
      250.000000  1.4600000000000000E+02  4.3705690809676809E-04
      250.000000  1.4700000000000000E+02  5.0339778531433889E-04
      250.000000  1.4800000000000000E+02  5.7414300798090180E-04
      250.000000  1.4900000000000000E+02  5.5921241887049277E-04
      250.000000  1.5000000000000000E+02  5.0706489738300427E-04
      250.000000  1.5100000000000000E+02  6.0510979489297604E-04
      250.000000  1.5200000000000000E+02  6.0963740664606687E-04
      250.000000  1.5300000000000000E+02  6.7240823332898340E-04
      250.000000  1.5400000000000000E+02  6.4224153303178710E-04
      250.000000  1.5500000000000000E+02  7.1378614557247931E-04
      250.000000  1.5600000000000000E+02  6.3425869713828380E-04
      250.000000  1.5700000000000000E+02  7.2297592370587692E-04
      250.000000  1.5800000000000000E+02  7.3802141238482274E-04
      250.000000  1.5900000000000000E+02  7.1352933057781411E-04
      250.000000  1.6000000000000000E+02  6.9667133791532110E-04
      250.000000  1.6100000000000000E+02  7.8888822288116888E-04
      250.000000  1.6200000000000000E+02  7.5656982601389423E-04
      250.000000  1.6300000000000000E+02  8.3605869739759181E-04
      250.000000  1.6400000000000000E+02  8.6244584071078852E-04
      250.000000  1.6500000000000000E+02  7.1988958770734777E-04
      250.000000  1.6600000000000000E+02  9.1737629443777030E-04
      250.000000  1.6700000000000000E+02  7.2176532510737665E-04
      250.000000  1.6800000000000000E+02  7.4722351432127403E-04
      250.000000  1.6900000000000000E+02  7.2451475125271335E-04
      250.000000  1.7000000000000000E+02  6.6954353293658731E-04
      250.000000  1.7100000000000000E+02  8.1361314791887553E-04
      250.000000  1.7200000000000000E+02  9.5877004328252867E-04
      250.000000  1.7300000000000000E+02  6.9847991707972922E-04
      250.000000  1.7400000000000000E+02  8.5300869522210920E-04
      250.000000  1.7500000000000000E+02  1.0488774106774358E-03
      250.000000  1.7600000000000000E+02  8.4282333891609509E-04
      250.000000  1.7700000000000000E+02  4.8640349914223096E-04
      250.000000  1.7800000000000000E+02  6.1381920967743051E-04
      250.000000  1.7900000000000000E+02  5.2440819356354711E-04
      250.000000  1.8000000000000000E+02  1.0896029694225651E-03

      300.000000  0.0000000000000000E+00  0.0000000000000000E+00
      300.000000  1.0000000000000000E+00  4.9122728618219418E-02
      300.000000  2.0000000000000000E+00  8.7770365163111134E-04
      300.000000  3.0000000000000000E+00  7.7923731658438209E-04
      300.000000  4.0000000000000000E+00  8.6491400706534044E-04
      300.000000  5.0000000000000000E+00  7.1292531903925215E-04
      300.000000  6.0000000000000000E+00  5.8208213938068499E-04
      300.000000  7.0000000000000000E+00  1.1711501174061793E-03
      300.000000  8.0000000000000000E+00  9.2599814350550103E-04
      300.000000  9.0000000000000000E+00  8.9794305361701686E-04
      300.000000  1.0000000000000000E+01  7.2315816611381216E-04
      300.000000  1.1000000000000000E+01  7.6714391576191440E-04
      300.000000  1.2000000000000000E+01  8.3069803522284465E-04
      300.000000  1.3000000000000000E+01  7.1104583559421480E-04
      300.000000  1.4000000000000000E+01  7.9869539112118609E-04
      300.000000  1.5000000000000000E+01  6.1095201963749465E-04
      300.000000  1.6000000000000000E+01  7.1322822765190514E-04
      300.000000  1.7000000000000000E+01  8.3954290134483317E-04
      300.000000  1.8000000000000000E+01  8.6688480966623960E-04
      300.000000  1.9000000000000000E+01  7.3443968073801352E-04
      300.000000  2.0000000000000000E+01  5.8012951070476860E-04
      300.000000  2.1000000000000000E+01  6.9918123216024784E-04
      300.000000  2.2000000000000000E+01  7.4349296927393781E-04
      300.000000  2.3000000000000000E+01  7.9584845044512102E-04
      300.000000  2.4000000000000000E+01  6.9915328782909660E-04
      300.000000  2.5000000000000000E+01  6.1535335749299909E-04
      300.000000  2.6000000000000000E+01  6.7569869252120647E-04
      300.000000  2.7000000000000000E+01  5.9250527687917313E-04
      300.000000  2.8000000000000000E+01  6.9350634865461601E-04
      300.000000  2.9000000000000000E+01  6.4399825696415808E-04
      300.000000  3.0000000000000000E+01  7.2327772708005397E-04
      300.000000  3.1000000000000000E+01  6.8520910622432523E-04
      300.000000  3.2000000000000000E+01  6.5370528948531081E-04
      300.000000  3.3000000000000000E+01  6.0515192004314720E-04
      300.000000  3.4000000000000000E+01  6.0598651144346872E-04
      300.000000  3.5000000000000000E+01  5.7523962960693426E-04
      300.000000  3.6000000000000000E+01  5.4803113870015871E-04
      300.000000  3.7000000000000000E+01  5.3048259902433359E-04
      300.000000  3.8000000000000000E+01  4.9179205139590414E-04
      300.000000  3.9000000000000000E+01  3.5517069693862224E-04
      300.000000  4.0000000000000000E+01  4.0958962202742157E-04
      300.000000  4.1000000000000000E+01  4.5992770957907524E-04
      300.000000  4.2000000000000000E+01  4.8303199659451555E-04
      300.000000  4.3000000000000000E+01  3.8732668020892809E-04
      300.000000  4.4000000000000000E+01  5.3005160269626705E-04
      300.000000  4.5000000000000000E+01  3.5199008195584900E-04
      300.000000  4.6000000000000000E+01  3.9012617792849174E-04
      300.000000  4.7000000000000000E+01  4.2821973513440433E-04
      300.000000  4.8000000000000000E+01  4.3763454843539216E-04
      300.000000  4.9000000000000000E+01  2.6145347515439866E-04
      300.000000  5.0000000000000000E+01  2.9319230915798226E-04
      300.000000  5.1000000000000000E+01  2.9368340447864869E-04
      300.000000  5.2000000000000000E+01  2.8045905065158963E-04
      300.000000  5.3000000000000000E+01  3.6246000846994637E-04
      300.000000  5.4000000000000000E+01  2.6018099631917331E-04
      300.000000  5.5000000000000000E+01  2.6294217704961841E-04
      300.000000  5.6000000000000000E+01  1.6089674903492507E-04
      300.000000  5.7000000000000000E+01  2.0375866213694709E-04
      300.000000  5.8000000000000000E+01  2.1563900363885750E-04
      300.000000  5.9000000000000000E+01  2.1513892826625366E-04
      300.000000  6.0000000000000000E+01  1.3600588435758409E-04
      300.000000  6.1000000000000000E+01  2.0117360266836152E-04
      300.000000  6.2000000000000000E+01  1.7890987888423803E-04
      300.000000  6.3000000000000000E+01  1.6806891921817654E-04
      300.000000  6.4000000000000000E+01  1.9204571526361186E-04
      300.000000  6.5000000000000000E+01  1.5214720810479448E-04
      300.000000  6.6000000000000000E+01  1.2890623900407093E-04
      300.000000  6.7000000000000000E+01  8.5404643411194966E-05
      300.000000  6.8000000000000000E+01  1.5826738085493821E-04
      300.000000  6.9000000000000000E+01  1.2020888874400184E-04
      300.000000  7.0000000000000000E+01  8.8905418081518952E-05
      300.000000  7.1000000000000000E+01  7.4563081104438430E-05
      300.000000  7.2000000000000000E+01  1.1335770170281831E-04
      300.000000  7.3000000000000000E+01  6.3217974285590954E-05
      300.000000  7.4000000000000000E+01  7.1269032142499733E-05
      300.000000  7.5000000000000000E+01  3.7461715756369937E-05
      300.000000  7.6000000000000000E+01  6.2260667787607103E-05
      300.000000  7.7000000000000000E+01  4.8356209870646519E-05
      300.000000  7.8000000000000000E+01  4.1627969867886421E-05
      300.000000  7.9000000000000000E+01  4.2009031263460615E-05
      300.000000  8.0000000000000000E+01  2.9030326517118371E-05
      300.000000  8.1000000000000000E+01  4.2478140107238293E-05
      300.000000  8.2000000000000000E+01  4.5401165148235590E-05
      300.000000  8.3000000000000000E+01  4.3733352726138516E-05
      300.000000  8.4000000000000000E+01  4.9384420982818999E-05
      300.000000  8.5000000000000000E+01  4.3067662644712660E-05
      300.000000  8.6000000000000000E+01  3.3759967186484100E-05
      300.000000  8.7000000000000000E+01  4.4171416374928921E-05
      300.000000  8.8000000000000000E+01  3.8237637822121704E-05
      300.000000  8.9000000000000000E+01  4.1879880146700439E-05
      300.000000  9.0000000000000000E+01  4.2949490209214467E-05
      300.000000  9.1000000000000000E+01  5.0890889169466675E-05
      300.000000  9.2000000000000000E+01  6.4826497740424796E-05
      300.000000  9.3000000000000000E+01  3.9663612714736359E-05
      300.000000  9.4000000000000000E+01  3.7800338023800625E-05
      300.000000  9.5000000000000000E+01  4.8668905973539870E-05
      300.000000  9.6000000000000000E+01  4.6773566787226284E-05
      300.000000  9.7000000000000000E+01  3.5887574393362061E-05
      300.000000  9.8000000000000000E+01  6.3398597235909116E-05
      300.000000  9.9000000000000000E+01  4.3587212233636015E-05
      300.000000  1.0000000000000000E+02  4.3540025615227265E-05
      300.000000  1.0100000000000000E+02  5.1027835007633951E-05
      300.000000  1.0200000000000000E+02  3.0683089929128472E-05
      300.000000  1.0300000000000000E+02  4.4885527366164045E-05
      300.000000  1.0400000000000000E+02  4.6194957642842899E-05
      300.000000  1.0500000000000000E+02  9.6646048760653402E-05
      300.000000  1.0600000000000000E+02  1.1710994525537375E-04
      300.000000  1.0700000000000000E+02  1.1068088681474836E-04
      300.000000  1.0800000000000000E+02  8.5940034652385122E-05
      300.000000  1.0900000000000000E+02  9.6064957540062141E-05
      300.000000  1.1000000000000000E+02  1.1866419005768933E-04
      300.000000  1.1100000000000000E+02  8.6633405258400523E-05
      300.000000  1.1200000000000000E+02  1.0436359395942834E-04
      300.000000  1.1300000000000000E+02  8.2943921431864222E-05
      300.000000  1.1400000000000000E+02  1.1932299846408028E-04
      300.000000  1.1500000000000000E+02  9.4463232319854875E-05
      300.000000  1.1600000000000000E+02  8.2292662878185208E-05
      300.000000  1.1700000000000000E+02  9.6718459643822127E-05
      300.000000  1.1800000000000000E+02  1.4856726539815525E-04
      300.000000  1.1900000000000000E+02  2.2559155291153828E-04
      300.000000  1.2000000000000000E+02  1.4193739763982053E-04
      300.000000  1.2100000000000000E+02  1.5907858838448092E-04
      300.000000  1.2200000000000000E+02  1.8426848323058491E-04
      300.000000  1.2300000000000000E+02  2.5358207931943099E-04
      300.000000  1.2400000000000000E+02  2.1022126724981794E-04
      300.000000  1.2500000000000000E+02  1.6743611312310355E-04
      300.000000  1.2600000000000000E+02  2.2305430223693408E-04
      300.000000  1.2700000000000000E+02  2.7031229794272484E-04
      300.000000  1.2800000000000000E+02  2.6437704099611459E-04
      300.000000  1.2900000000000000E+02  2.6431997882588298E-04
      300.000000  1.3000000000000000E+02  3.0353783260219242E-04
      300.000000  1.3100000000000000E+02  3.2234967743719514E-04
      300.000000  1.3200000000000000E+02  3.5053531649031807E-04
      300.000000  1.3300000000000000E+02  2.9516087392552861E-04
      300.000000  1.3400000000000000E+02  3.4328651740260242E-04
      300.000000  1.3500000000000000E+02  3.7728576998756317E-04
      300.000000  1.3600000000000000E+02  3.3088587831405051E-04
      300.000000  1.3700000000000000E+02  3.8699005439008248E-04
      300.000000  1.3800000000000000E+02  4.5489804235921723E-04
      300.000000  1.3900000000000000E+02  4.4086377962032565E-04
      300.000000  1.4000000000000000E+02  4.7129265570908366E-04
      300.000000  1.4100000000000000E+02  4.3781841982613027E-04
      300.000000  1.4200000000000000E+02  4.8599708461303116E-04
      300.000000  1.4300000000000000E+02  4.4738316149771601E-04
      300.000000  1.4400000000000000E+02  5.8881681477305201E-04
      300.000000  1.4500000000000000E+02  5.4675575207801185E-04
      300.000000  1.4600000000000000E+02  4.3815927284686520E-04
      300.000000  1.4700000000000000E+02  4.5796329616493571E-04
      300.000000  1.4800000000000000E+02  5.7612757372873559E-04
      300.000000  1.4900000000000000E+02  5.4714152230295036E-04
      300.000000  1.5000000000000000E+02  5.0309753876038644E-04
      300.000000  1.5100000000000000E+02  6.0629717172446126E-04
      300.000000  1.5200000000000000E+02  5.8176637327432654E-04
      300.000000  1.5300000000000000E+02  6.7094824384291622E-04
      300.000000  1.5400000000000000E+02  6.3210351635103871E-04
      300.000000  1.5500000000000000E+02  6.8576577860360419E-04
      300.000000  1.5600000000000000E+02  6.2081638520459571E-04
      300.000000  1.5700000000000000E+02  7.0872708734285271E-04
      300.000000  1.5800000000000000E+02  7.3472042787381495E-04
      300.000000  1.5900000000000000E+02  6.9846001010775191E-04
      300.000000  1.6000000000000000E+02  6.7118963857578512E-04
      300.000000  1.6100000000000000E+02  7.5498018701317311E-04
      300.000000  1.6200000000000000E+02  7.5849576989264918E-04
      300.000000  1.6300000000000000E+02  7.9869472593102001E-04
      300.000000  1.6400000000000000E+02  8.5499675089969400E-04
      300.000000  1.6500000000000000E+02  7.5690305418600709E-04
      300.000000  1.6600000000000000E+02  9.2150538743838236E-04
      300.000000  1.6700000000000000E+02  7.0521071201892034E-04
      300.000000  1.6800000000000000E+02  6.9613361519887560E-04
      300.000000  1.6900000000000000E+02  7.0796301506323054E-04
      300.000000  1.7000000000000000E+02  6.5484719360874000E-04
      300.000000  1.7100000000000000E+02  8.3783986955923457E-04
      300.000000  1.7200000000000000E+02  9.7163556828467311E-04
      300.000000  1.7300000000000000E+02  6.7419383075098245E-04
      300.000000  1.7400000000000000E+02  8.7060495940945865E-04
      300.000000  1.7500000000000000E+02  9.8126782733158830E-04
      300.000000  1.7600000000000000E+02  7.8579105084014447E-04
      300.000000  1.7700000000000000E+02  4.3152727639091148E-04
      300.000000  1.7800000000000000E+02  6.3683682193026788E-04
      300.000000  1.7900000000000000E+02  5.7703975482355577E-04
      300.000000  1.8000000000000000E+02  1.0896029694225651E-03

