#Time    Z  Energy
#fs    A   eV/A^3
        0.000000 -1.0000000000000000E+19  0.0000000000000000E+00
        0.000000  0.0000000000000000E+00  0.0000000000000000E+00
        0.000000  1.0000000000000000E+19  0.0000000000000000E+00

       50.000000 -1.0000000000000000E+19  0.0000000000000000E+00
       50.000000  0.0000000000000000E+00  0.0000000000000000E+00
       50.000000  1.0000000000000000E+19  5.8778898904379165E-64

      100.000000 -1.0000000000000000E+19  0.0000000000000000E+00
      100.000000  0.0000000000000000E+00  0.0000000000000000E+00
      100.000000  1.0000000000000000E+19  6.1445674118825700E-64

      150.000000 -1.0000000000000000E+19  0.0000000000000000E+00
      150.000000  0.0000000000000000E+00  0.0000000000000000E+00
      150.000000  1.0000000000000000E+19  6.2776880257945045E-64

      200.000000 -1.0000000000000000E+19  0.0000000000000000E+00
      200.000000  0.0000000000000000E+00  0.0000000000000000E+00
      200.000000  1.0000000000000000E+19  6.3689086843661928E-64

      250.000000 -1.0000000000000000E+19  0.0000000000000000E+00
      250.000000  0.0000000000000000E+00  0.0000000000000000E+00
      250.000000  1.0000000000000000E+19  6.4389058759012126E-64

      300.000000 -1.0000000000000000E+19  0.0000000000000000E+00
      300.000000  0.0000000000000000E+00  0.0000000000000000E+00
      300.000000  1.0000000000000000E+19  6.4971219001164997E-64

