#Time    E Distribution
#fs    eV 1/eV
        0.000000  0.0000000000000000E+00  0.0000000000000000E+00
        0.000000  1.0000000000000001E-01  0.0000000000000000E+00
        0.000000  2.0000000000000001E-01  0.0000000000000000E+00
        0.000000  3.0000000000000004E-01  0.0000000000000000E+00
        0.000000  4.0000000000000002E-01  0.0000000000000000E+00
        0.000000  5.0000000000000000E-01  0.0000000000000000E+00
        0.000000  5.9999999999999998E-01  0.0000000000000000E+00
        0.000000  6.9999999999999996E-01  0.0000000000000000E+00
        0.000000  7.9999999999999993E-01  0.0000000000000000E+00
        0.000000  8.9999999999999991E-01  0.0000000000000000E+00
        0.000000  9.9999999999999989E-01  0.0000000000000000E+00
        0.000000  1.0999999999999999E+00  0.0000000000000000E+00
        0.000000  1.2000000000000000E+00  0.0000000000000000E+00
        0.000000  1.3000000000000000E+00  0.0000000000000000E+00
        0.000000  1.4000000000000001E+00  0.0000000000000000E+00
        0.000000  1.5000000000000002E+00  0.0000000000000000E+00
        0.000000  1.6000000000000003E+00  0.0000000000000000E+00
        0.000000  1.7000000000000004E+00  0.0000000000000000E+00
        0.000000  1.8000000000000005E+00  0.0000000000000000E+00
        0.000000  1.9000000000000006E+00  0.0000000000000000E+00
        0.000000  2.0000000000000004E+00  0.0000000000000000E+00
        0.000000  2.1000000000000005E+00  0.0000000000000000E+00
        0.000000  2.2000000000000006E+00  0.0000000000000000E+00
        0.000000  2.3000000000000007E+00  0.0000000000000000E+00
        0.000000  2.4000000000000008E+00  0.0000000000000000E+00
        0.000000  2.5000000000000009E+00  0.0000000000000000E+00
        0.000000  2.6000000000000010E+00  0.0000000000000000E+00
        0.000000  2.7000000000000011E+00  0.0000000000000000E+00
        0.000000  2.8000000000000012E+00  0.0000000000000000E+00
        0.000000  2.9000000000000012E+00  0.0000000000000000E+00
        0.000000  3.0000000000000013E+00  0.0000000000000000E+00
        0.000000  3.1000000000000014E+00  0.0000000000000000E+00
        0.000000  3.2000000000000015E+00  0.0000000000000000E+00
        0.000000  3.3000000000000016E+00  0.0000000000000000E+00
        0.000000  3.4000000000000017E+00  0.0000000000000000E+00
        0.000000  3.5000000000000018E+00  0.0000000000000000E+00
        0.000000  3.6000000000000019E+00  0.0000000000000000E+00
        0.000000  3.7000000000000020E+00  0.0000000000000000E+00
        0.000000  3.8000000000000020E+00  0.0000000000000000E+00
        0.000000  3.9000000000000021E+00  0.0000000000000000E+00
        0.000000  4.0000000000000018E+00  0.0000000000000000E+00
        0.000000  4.1000000000000014E+00  0.0000000000000000E+00
        0.000000  4.2000000000000011E+00  0.0000000000000000E+00
        0.000000  4.3000000000000007E+00  0.0000000000000000E+00
        0.000000  4.4000000000000004E+00  0.0000000000000000E+00
        0.000000  4.5000000000000000E+00  0.0000000000000000E+00
        0.000000  4.5999999999999996E+00  0.0000000000000000E+00
        0.000000  4.6999999999999993E+00  0.0000000000000000E+00
        0.000000  4.7999999999999989E+00  0.0000000000000000E+00
        0.000000  4.8999999999999986E+00  0.0000000000000000E+00
        0.000000  4.9999999999999982E+00  0.0000000000000000E+00
        0.000000  5.0999999999999979E+00  0.0000000000000000E+00
        0.000000  5.1999999999999975E+00  0.0000000000000000E+00
        0.000000  5.2999999999999972E+00  0.0000000000000000E+00
        0.000000  5.3999999999999968E+00  0.0000000000000000E+00
        0.000000  5.4999999999999964E+00  0.0000000000000000E+00
        0.000000  5.5999999999999961E+00  0.0000000000000000E+00
        0.000000  5.6999999999999957E+00  0.0000000000000000E+00
        0.000000  5.7999999999999954E+00  0.0000000000000000E+00
        0.000000  5.8999999999999950E+00  0.0000000000000000E+00
        0.000000  5.9999999999999947E+00  0.0000000000000000E+00
        0.000000  6.0999999999999943E+00  0.0000000000000000E+00
        0.000000  6.1999999999999940E+00  0.0000000000000000E+00
        0.000000  6.2999999999999936E+00  0.0000000000000000E+00
        0.000000  6.3999999999999932E+00  0.0000000000000000E+00
        0.000000  6.4999999999999929E+00  0.0000000000000000E+00
        0.000000  6.5999999999999925E+00  0.0000000000000000E+00
        0.000000  6.6999999999999922E+00  0.0000000000000000E+00
        0.000000  6.7999999999999918E+00  0.0000000000000000E+00
        0.000000  6.8999999999999915E+00  0.0000000000000000E+00
        0.000000  6.9999999999999911E+00  0.0000000000000000E+00
        0.000000  7.0999999999999908E+00  0.0000000000000000E+00
        0.000000  7.1999999999999904E+00  0.0000000000000000E+00
        0.000000  7.2999999999999901E+00  0.0000000000000000E+00
        0.000000  7.3999999999999897E+00  0.0000000000000000E+00
        0.000000  7.4999999999999893E+00  0.0000000000000000E+00
        0.000000  7.5999999999999890E+00  0.0000000000000000E+00
        0.000000  7.6999999999999886E+00  0.0000000000000000E+00
        0.000000  7.7999999999999883E+00  0.0000000000000000E+00
        0.000000  7.8999999999999879E+00  0.0000000000000000E+00
        0.000000  7.9999999999999876E+00  0.0000000000000000E+00
        0.000000  8.0999999999999872E+00  0.0000000000000000E+00
        0.000000  8.1999999999999869E+00  0.0000000000000000E+00
        0.000000  8.2999999999999865E+00  0.0000000000000000E+00
        0.000000  8.3999999999999861E+00  0.0000000000000000E+00
        0.000000  8.4999999999999858E+00  0.0000000000000000E+00
        0.000000  8.5999999999999854E+00  0.0000000000000000E+00
        0.000000  8.6999999999999851E+00  0.0000000000000000E+00
        0.000000  8.7999999999999847E+00  0.0000000000000000E+00
        0.000000  8.8999999999999844E+00  0.0000000000000000E+00
        0.000000  8.9999999999999840E+00  0.0000000000000000E+00
        0.000000  9.0999999999999837E+00  0.0000000000000000E+00
        0.000000  9.1999999999999833E+00  0.0000000000000000E+00
        0.000000  9.2999999999999829E+00  0.0000000000000000E+00
        0.000000  9.3999999999999826E+00  0.0000000000000000E+00
        0.000000  9.4999999999999822E+00  0.0000000000000000E+00
        0.000000  9.5999999999999819E+00  0.0000000000000000E+00
        0.000000  9.6999999999999815E+00  0.0000000000000000E+00
        0.000000  9.7999999999999812E+00  0.0000000000000000E+00
        0.000000  9.8999999999999808E+00  0.0000000000000000E+00
        0.000000  9.9999999999999805E+00  0.0000000000000000E+00
        0.000000  1.0099999999999980E+01  0.0000000000000000E+00
        0.000000  1.0199999999999980E+01  0.0000000000000000E+00
        0.000000  1.0299999999999979E+01  0.0000000000000000E+00
        0.000000  1.0399999999999979E+01  0.0000000000000000E+00
        0.000000  1.0499999999999979E+01  0.0000000000000000E+00
        0.000000  1.0599999999999978E+01  0.0000000000000000E+00
        0.000000  1.0699999999999978E+01  0.0000000000000000E+00
        0.000000  1.0799999999999978E+01  0.0000000000000000E+00
        0.000000  1.0899999999999977E+01  0.0000000000000000E+00
        0.000000  1.0999999999999977E+01  0.0000000000000000E+00
        0.000000  1.1099999999999977E+01  0.0000000000000000E+00
        0.000000  1.1199999999999976E+01  0.0000000000000000E+00
        0.000000  1.1299999999999976E+01  0.0000000000000000E+00
        0.000000  1.1399999999999975E+01  0.0000000000000000E+00
        0.000000  1.1499999999999975E+01  0.0000000000000000E+00
        0.000000  1.1599999999999975E+01  0.0000000000000000E+00
        0.000000  1.1699999999999974E+01  0.0000000000000000E+00
        0.000000  1.1799999999999974E+01  0.0000000000000000E+00
        0.000000  1.1899999999999974E+01  0.0000000000000000E+00
        0.000000  1.1999999999999973E+01  0.0000000000000000E+00
        0.000000  1.2099999999999973E+01  0.0000000000000000E+00
        0.000000  1.2199999999999973E+01  0.0000000000000000E+00
        0.000000  1.2299999999999972E+01  0.0000000000000000E+00
        0.000000  1.2399999999999972E+01  0.0000000000000000E+00
        0.000000  1.2499999999999972E+01  0.0000000000000000E+00
        0.000000  1.2599999999999971E+01  0.0000000000000000E+00
        0.000000  1.2699999999999971E+01  0.0000000000000000E+00
        0.000000  1.2799999999999971E+01  0.0000000000000000E+00
        0.000000  1.2899999999999970E+01  0.0000000000000000E+00
        0.000000  1.2999999999999970E+01  0.0000000000000000E+00
        0.000000  1.3099999999999969E+01  0.0000000000000000E+00
        0.000000  1.3199999999999969E+01  0.0000000000000000E+00
        0.000000  1.3299999999999969E+01  0.0000000000000000E+00
        0.000000  1.3399999999999968E+01  0.0000000000000000E+00
        0.000000  1.3499999999999968E+01  0.0000000000000000E+00
        0.000000  1.3599999999999968E+01  0.0000000000000000E+00
        0.000000  1.3699999999999967E+01  0.0000000000000000E+00
        0.000000  1.3799999999999967E+01  0.0000000000000000E+00
        0.000000  1.3899999999999967E+01  0.0000000000000000E+00
        0.000000  1.3999999999999966E+01  0.0000000000000000E+00
        0.000000  1.4099999999999966E+01  0.0000000000000000E+00
        0.000000  1.4199999999999966E+01  0.0000000000000000E+00
        0.000000  1.4299999999999965E+01  0.0000000000000000E+00
        0.000000  1.4399999999999965E+01  0.0000000000000000E+00
        0.000000  1.4499999999999964E+01  0.0000000000000000E+00
        0.000000  1.4599999999999964E+01  0.0000000000000000E+00
        0.000000  1.4699999999999964E+01  0.0000000000000000E+00
        0.000000  1.4799999999999963E+01  0.0000000000000000E+00
        0.000000  1.4899999999999963E+01  0.0000000000000000E+00
        0.000000  1.4999999999999963E+01  0.0000000000000000E+00
        0.000000  1.5099999999999962E+01  0.0000000000000000E+00
        0.000000  1.5199999999999962E+01  0.0000000000000000E+00
        0.000000  1.5299999999999962E+01  0.0000000000000000E+00
        0.000000  1.5399999999999961E+01  0.0000000000000000E+00
        0.000000  1.5499999999999961E+01  0.0000000000000000E+00
        0.000000  1.5599999999999961E+01  0.0000000000000000E+00
        0.000000  1.5699999999999960E+01  0.0000000000000000E+00
        0.000000  1.5799999999999960E+01  0.0000000000000000E+00
        0.000000  1.5899999999999959E+01  0.0000000000000000E+00

       50.000000  0.0000000000000000E+00  0.0000000000000000E+00
       50.000000  1.0000000000000001E-01  4.0100052351333430E-03
       50.000000  2.0000000000000001E-01  4.6494105485111233E-03
       50.000000  3.0000000000000004E-01  6.3211235632398069E-03
       50.000000  4.0000000000000002E-01  4.2123079370534142E-03
       50.000000  5.0000000000000000E-01  3.7168127042993635E-03
       50.000000  5.9999999999999998E-01  1.6718485629907314E-03
       50.000000  6.9999999999999996E-01  2.6700520350503867E-03
       50.000000  7.9999999999999993E-01  2.0413263060157258E-03
       50.000000  8.9999999999999991E-01  1.8813714239148155E-03
       50.000000  9.9999999999999989E-01  1.8172040292957087E-03
       50.000000  1.0999999999999999E+00  1.5189871866767698E-03
       50.000000  1.2000000000000000E+00  1.2483781233506724E-03
       50.000000  1.3000000000000000E+00  1.2325270742535172E-03
       50.000000  1.4000000000000001E+00  1.1817782874972520E-03
       50.000000  1.5000000000000002E+00  1.2235799708162096E-03
       50.000000  1.6000000000000003E+00  9.9686931520342808E-04
       50.000000  1.7000000000000004E+00  9.5201175229726453E-04
       50.000000  1.8000000000000005E+00  9.5405840663503048E-04
       50.000000  1.9000000000000006E+00  1.0769662714031623E-03
       50.000000  2.0000000000000004E+00  9.7150289166495396E-04
       50.000000  2.1000000000000005E+00  8.9020312042121684E-04
       50.000000  2.2000000000000006E+00  8.9021540227781758E-04
       50.000000  2.3000000000000007E+00  1.6176969607598756E-03
       50.000000  2.4000000000000008E+00  1.1447009991776935E-03
       50.000000  2.5000000000000009E+00  9.9242606603374859E-04
       50.000000  2.6000000000000010E+00  9.9302975355125209E-04
       50.000000  2.7000000000000011E+00  1.0012114699241947E-03
       50.000000  2.8000000000000012E+00  1.0340382452892821E-03
       50.000000  2.9000000000000012E+00  9.6795656216824041E-04
       50.000000  3.0000000000000013E+00  8.2866654144751815E-04
       50.000000  3.1000000000000014E+00  9.2454796305432927E-04
       50.000000  3.2000000000000015E+00  8.7714522615732157E-04
       50.000000  3.3000000000000016E+00  8.0758864434094804E-04
       50.000000  3.4000000000000017E+00  7.8822194296608193E-04
       50.000000  3.5000000000000018E+00  7.7865486515535918E-04
       50.000000  3.6000000000000019E+00  8.1295182934951768E-04
       50.000000  3.7000000000000020E+00  8.1666236127096964E-04
       50.000000  3.8000000000000020E+00  7.8183286298256463E-04
       50.000000  3.9000000000000021E+00  7.0776412928902528E-04
       50.000000  4.0000000000000018E+00  8.1029083573593550E-04
       50.000000  4.1000000000000014E+00  7.8853688020561678E-04
       50.000000  4.2000000000000011E+00  7.1674996757474226E-04
       50.000000  4.3000000000000007E+00  6.6433075477634015E-04
       50.000000  4.4000000000000004E+00  6.8453988791903036E-04
       50.000000  4.5000000000000000E+00  7.4216141930912006E-04
       50.000000  4.5999999999999996E+00  7.1652141892100782E-04
       50.000000  4.6999999999999993E+00  7.6380046333139704E-04
       50.000000  4.7999999999999989E+00  7.0853982488996861E-04
       50.000000  4.8999999999999986E+00  7.3671115785193316E-04
       50.000000  4.9999999999999982E+00  6.8510680709488322E-04
       50.000000  5.0999999999999979E+00  6.4572001479523992E-04
       50.000000  5.1999999999999975E+00  5.5524687713524987E-04
       50.000000  5.2999999999999972E+00  5.3156121575849283E-04
       50.000000  5.3999999999999968E+00  5.9810526419209911E-04
       50.000000  5.4999999999999964E+00  6.1572130880964708E-04
       50.000000  5.5999999999999961E+00  5.6627392894680593E-04
       50.000000  5.6999999999999957E+00  4.5886796967272629E-04
       50.000000  5.7999999999999954E+00  3.6119904507431883E-04
       50.000000  5.8999999999999950E+00  3.5644186499214555E-04
       50.000000  5.9999999999999947E+00  2.5119594823796017E-04
       50.000000  6.0999999999999943E+00  2.3725952604651028E-04
       50.000000  6.1999999999999940E+00  2.1717740491400211E-04
       50.000000  6.2999999999999936E+00  1.5871222709689918E-04
       50.000000  6.3999999999999932E+00  1.8604999675733016E-04
       50.000000  6.4999999999999929E+00  2.0323313540978602E-04
       50.000000  6.5999999999999925E+00  2.0833609751662820E-04
       50.000000  6.6999999999999922E+00  1.6575988736838168E-04
       50.000000  6.7999999999999918E+00  1.7873083414668482E-04
       50.000000  6.8999999999999915E+00  2.2889067147885804E-04
       50.000000  6.9999999999999911E+00  2.2374176653514554E-04
       50.000000  7.0999999999999908E+00  2.5589478807376418E-04
       50.000000  7.1999999999999904E+00  2.8518531041330311E-04
       50.000000  7.2999999999999901E+00  2.8524764468654392E-04
       50.000000  7.3999999999999897E+00  3.1788826964266904E-04
       50.000000  7.4999999999999893E+00  3.5150344039420415E-04
       50.000000  7.5999999999999890E+00  4.1791208572204474E-04
       50.000000  7.6999999999999886E+00  3.7407893486179726E-04
       50.000000  7.7999999999999883E+00  3.2187605011449179E-04
       50.000000  7.8999999999999879E+00  2.1545173707354428E-04
       50.000000  7.9999999999999876E+00  1.8980450922934835E-04
       50.000000  8.0999999999999872E+00  1.1677731791585312E-04
       50.000000  8.1999999999999869E+00  8.7060323835091958E-05
       50.000000  8.2999999999999865E+00  9.0721219800002595E-05
       50.000000  8.3999999999999861E+00  2.9408695520689162E-05
       50.000000  8.4999999999999858E+00  8.6898217823292166E-05
       50.000000  8.5999999999999854E+00  5.1121258213750655E-05
       50.000000  8.6999999999999851E+00  4.6797694234916766E-05
       50.000000  8.7999999999999847E+00  2.7399608561373362E-05
       50.000000  8.8999999999999844E+00  3.9046457472695995E-05
       50.000000  8.9999999999999840E+00  2.9292855080935681E-05
       50.000000  9.0999999999999837E+00  5.2664380753928660E-05
       50.000000  9.1999999999999833E+00  1.0586761033819221E-04
       50.000000  9.2999999999999829E+00  9.9237607179393094E-05
       50.000000  9.3999999999999826E+00  1.2374438537898332E-04
       50.000000  9.4999999999999822E+00  8.6175932317260511E-05
       50.000000  9.5999999999999819E+00  6.3301673702824819E-05
       50.000000  9.6999999999999815E+00  6.1381819606113122E-05
       50.000000  9.7999999999999812E+00  9.2805948665384980E-05
       50.000000  9.8999999999999808E+00  1.3850105762643503E-04
       50.000000  9.9999999999999805E+00  1.8411863639655802E-04
       50.000000  1.0099999999999980E+01  1.3799110187459946E-04
       50.000000  1.0199999999999980E+01  1.1851267139405986E-04
       50.000000  1.0299999999999979E+01  7.9581304864576789E-05
       50.000000  1.0399999999999979E+01  1.2363992856353245E-04
       50.000000  1.0499999999999979E+01  1.3148799563284492E-04
       50.000000  1.0599999999999978E+01  1.6317015868548435E-04
       50.000000  1.0699999999999978E+01  1.1399619364983182E-04
       50.000000  1.0799999999999978E+01  1.4891482495296991E-04
       50.000000  1.0899999999999977E+01  1.3432075985179073E-04
       50.000000  1.0999999999999977E+01  1.7797012772453674E-04
       50.000000  1.1099999999999977E+01  1.1238404271267079E-04
       50.000000  1.1199999999999976E+01  1.3839886870133249E-04
       50.000000  1.1299999999999976E+01  1.8463193070483819E-04
       50.000000  1.1399999999999975E+01  1.6658568502908981E-04
       50.000000  1.1499999999999975E+01  1.4194804596437098E-04
       50.000000  1.1599999999999975E+01  1.7340926221854066E-04
       50.000000  1.1699999999999974E+01  1.3406097502877061E-04
       50.000000  1.1799999999999974E+01  1.1799684328623662E-04
       50.000000  1.1899999999999974E+01  1.1970462124610099E-04
       50.000000  1.1999999999999973E+01  1.2594799706470568E-04
       50.000000  1.2099999999999973E+01  1.2806394299714777E-04
       50.000000  1.2199999999999973E+01  1.0666473398973099E-04
       50.000000  1.2299999999999972E+01  9.2014091715481865E-05
       50.000000  1.2399999999999972E+01  8.8808657089384959E-05
       50.000000  1.2499999999999972E+01  1.1841358257549913E-04
       50.000000  1.2599999999999971E+01  8.7106484831481781E-05
       50.000000  1.2699999999999971E+01  9.7769008287894072E-05
       50.000000  1.2799999999999971E+01  8.8739622333814316E-05
       50.000000  1.2899999999999970E+01  9.1270058544826659E-05
       50.000000  1.2999999999999970E+01  8.3241056286335223E-05
       50.000000  1.3099999999999969E+01  8.6294202987079169E-05
       50.000000  1.3199999999999969E+01  6.1427822104982770E-05
       50.000000  1.3299999999999969E+01  6.2066563796204613E-05
       50.000000  1.3399999999999968E+01  4.6758127349610216E-05
       50.000000  1.3499999999999968E+01  9.7321341197502528E-05
       50.000000  1.3599999999999968E+01  6.1337160459603137E-05
       50.000000  1.3699999999999967E+01  7.0165711595429828E-05
       50.000000  1.3799999999999967E+01  6.5733779606373723E-05
       50.000000  1.3899999999999967E+01  4.7781914980444562E-05
       50.000000  1.3999999999999966E+01  5.4897528009673168E-05
       50.000000  1.4099999999999966E+01  5.3444511757592438E-05
       50.000000  1.4199999999999966E+01  3.6474492140126940E-05
       50.000000  1.4299999999999965E+01  5.0539676826441713E-05
       50.000000  1.4399999999999965E+01  4.3295003371241916E-05
       50.000000  1.4499999999999964E+01  4.4811859872154140E-05
       50.000000  1.4599999999999964E+01  2.1636057355097675E-05
       50.000000  1.4699999999999964E+01  3.8806124817734857E-05
       50.000000  1.4799999999999963E+01  6.5951615764696495E-05
       50.000000  1.4899999999999963E+01  1.9529532129377395E-05
       50.000000  1.4999999999999963E+01  4.3890278265429845E-05
       50.000000  1.5099999999999962E+01  2.2135487878135011E-05
       50.000000  1.5199999999999962E+01  1.3667954981035524E-05
       50.000000  1.5299999999999962E+01  4.3756810569891222E-05
       50.000000  1.5399999999999961E+01  1.3641662534232240E-05
       50.000000  1.5499999999999961E+01  1.4265363721246125E-05
       50.000000  1.5599999999999961E+01  1.2052206851119936E-05
       50.000000  1.5699999999999960E+01  3.7726707417110024E-06
       50.000000  1.5799999999999960E+01  1.4835164835164888E-06
       50.000000  1.5899999999999959E+01  0.0000000000000000E+00

      100.000000  0.0000000000000000E+00  0.0000000000000000E+00
      100.000000  1.0000000000000001E-01  5.7497484895620730E-03
      100.000000  2.0000000000000001E-01  5.9503935959972602E-03
      100.000000  3.0000000000000004E-01  7.1197519714497901E-03
      100.000000  4.0000000000000002E-01  4.4315576072609872E-03
      100.000000  5.0000000000000000E-01  3.7108425311868898E-03
      100.000000  5.9999999999999998E-01  1.6290074235561060E-03
      100.000000  6.9999999999999996E-01  2.5681953191357050E-03
      100.000000  7.9999999999999993E-01  1.9406763851656040E-03
      100.000000  8.9999999999999991E-01  1.7713871434832562E-03
      100.000000  9.9999999999999989E-01  1.7018959852592643E-03
      100.000000  1.0999999999999999E+00  1.4160018399393588E-03
      100.000000  1.2000000000000000E+00  1.1601572507886032E-03
      100.000000  1.3000000000000000E+00  1.1408798276313977E-03
      100.000000  1.4000000000000001E+00  1.0925157601132122E-03
      100.000000  1.5000000000000002E+00  1.1342566390333990E-03
      100.000000  1.6000000000000003E+00  9.1980467803355571E-04
      100.000000  1.7000000000000004E+00  8.8285690508065257E-04
      100.000000  1.8000000000000005E+00  8.8339071255927847E-04
      100.000000  1.9000000000000006E+00  9.9975703443260194E-04
      100.000000  2.0000000000000004E+00  9.0174823703925927E-04
      100.000000  2.1000000000000005E+00  8.2407943116514430E-04
      100.000000  2.2000000000000006E+00  8.2378141776076998E-04
      100.000000  2.3000000000000007E+00  1.5020548534440900E-03
      100.000000  2.4000000000000008E+00  1.0593069474996580E-03
      100.000000  2.5000000000000009E+00  9.1855998309372687E-04
      100.000000  2.6000000000000010E+00  9.2558598273036067E-04
      100.000000  2.7000000000000011E+00  9.2710184427387233E-04
      100.000000  2.8000000000000012E+00  9.6021815981061189E-04
      100.000000  2.9000000000000012E+00  9.0058446795279637E-04
      100.000000  3.0000000000000013E+00  7.7170431235077926E-04
      100.000000  3.1000000000000014E+00  8.6113601414095791E-04
      100.000000  3.2000000000000015E+00  8.1538255807763718E-04
      100.000000  3.3000000000000016E+00  7.5151756779447056E-04
      100.000000  3.4000000000000017E+00  7.2919628642631668E-04
      100.000000  3.5000000000000018E+00  7.2738871257021988E-04
      100.000000  3.6000000000000019E+00  7.5886937625485389E-04
      100.000000  3.7000000000000020E+00  7.6218868961451536E-04
      100.000000  3.8000000000000020E+00  7.3001450735272685E-04
      100.000000  3.9000000000000021E+00  6.6303052015439991E-04
      100.000000  4.0000000000000018E+00  7.5854050007214801E-04
      100.000000  4.1000000000000014E+00  7.4104445374132983E-04
      100.000000  4.2000000000000011E+00  6.6721143931049165E-04
      100.000000  4.3000000000000007E+00  6.2103749951503584E-04
      100.000000  4.4000000000000004E+00  6.4018922647711798E-04
      100.000000  4.5000000000000000E+00  6.9073083704808641E-04
      100.000000  4.5999999999999996E+00  6.7374095682073087E-04
      100.000000  4.6999999999999993E+00  7.2144464065511166E-04
      100.000000  4.7999999999999989E+00  6.6027409134725775E-04
      100.000000  4.8999999999999986E+00  6.8795176227270038E-04
      100.000000  4.9999999999999982E+00  6.3860964858166922E-04
      100.000000  5.0999999999999979E+00  6.0760843707987787E-04
      100.000000  5.1999999999999975E+00  5.2055142587399477E-04
      100.000000  5.2999999999999972E+00  4.9457993951777888E-04
      100.000000  5.3999999999999968E+00  5.6269610502311413E-04
      100.000000  5.4999999999999964E+00  5.7878408010482820E-04
      100.000000  5.5999999999999961E+00  5.3153828502861585E-04
      100.000000  5.6999999999999957E+00  4.3206378932457684E-04
      100.000000  5.7999999999999954E+00  3.3698945504862090E-04
      100.000000  5.8999999999999950E+00  3.3203212381377158E-04
      100.000000  5.9999999999999947E+00  2.3590236470305385E-04
      100.000000  6.0999999999999943E+00  2.2410746818839845E-04
      100.000000  6.1999999999999940E+00  2.0443896230376072E-04
      100.000000  6.2999999999999936E+00  1.4884891744050590E-04
      100.000000  6.3999999999999932E+00  1.7300031335542999E-04
      100.000000  6.4999999999999929E+00  1.9079547141386620E-04
      100.000000  6.5999999999999925E+00  1.9631019614979427E-04
      100.000000  6.6999999999999922E+00  1.5517927406345821E-04
      100.000000  6.7999999999999918E+00  1.6827906507824888E-04
      100.000000  6.8999999999999915E+00  2.1515411592225192E-04
      100.000000  6.9999999999999911E+00  2.0916432131375256E-04
      100.000000  7.0999999999999908E+00  2.3960321197047396E-04
      100.000000  7.1999999999999904E+00  2.6496794824431387E-04
      100.000000  7.2999999999999901E+00  2.6774428506388487E-04
      100.000000  7.3999999999999897E+00  2.9783294390732669E-04
      100.000000  7.4999999999999893E+00  3.3029178551977008E-04
      100.000000  7.5999999999999890E+00  3.9447237444794117E-04
      100.000000  7.6999999999999886E+00  3.5260248338867916E-04
      100.000000  7.7999999999999883E+00  3.0258052747458836E-04
      100.000000  7.8999999999999879E+00  1.9991784486010994E-04
      100.000000  7.9999999999999876E+00  1.7911299044641078E-04
      100.000000  8.0999999999999872E+00  1.0963860131246856E-04
      100.000000  8.1999999999999869E+00  8.1901387519566567E-05
      100.000000  8.2999999999999865E+00  8.3170608105195842E-05
      100.000000  8.3999999999999861E+00  2.8355217136328424E-05
      100.000000  8.4999999999999858E+00  8.3053347857130612E-05
      100.000000  8.5999999999999854E+00  4.8003910975879103E-05
      100.000000  8.6999999999999851E+00  4.3884104028067026E-05
      100.000000  8.7999999999999847E+00  2.5587941856904796E-05
      100.000000  8.8999999999999844E+00  3.7022943444040873E-05
      100.000000  8.9999999999999840E+00  2.7330812292805926E-05
      100.000000  9.0999999999999837E+00  4.6174521270247638E-05
      100.000000  9.1999999999999833E+00  1.0008456744655796E-04
      100.000000  9.2999999999999829E+00  9.3034232907129988E-05
      100.000000  9.3999999999999826E+00  1.1831833592204141E-04
      100.000000  9.4999999999999822E+00  8.1703922969518481E-05
      100.000000  9.5999999999999819E+00  5.7989017068322284E-05
      100.000000  9.6999999999999815E+00  5.7579947515928333E-05
      100.000000  9.7999999999999812E+00  8.6942465361079460E-05
      100.000000  9.8999999999999808E+00  1.2965783006957838E-04
      100.000000  9.9999999999999805E+00  1.7325730871383535E-04
      100.000000  1.0099999999999980E+01  1.3010025005879566E-04
      100.000000  1.0199999999999980E+01  1.1192830200527870E-04
      100.000000  1.0299999999999979E+01  7.3788329857750617E-05
      100.000000  1.0399999999999979E+01  1.1641247263452850E-04
      100.000000  1.0499999999999979E+01  1.2381268274259729E-04
      100.000000  1.0599999999999978E+01  1.5383299761216089E-04
      100.000000  1.0699999999999978E+01  1.0729393093246610E-04
      100.000000  1.0799999999999978E+01  1.4185271525548527E-04
      100.000000  1.0899999999999977E+01  1.2587138555098377E-04
      100.000000  1.0999999999999977E+01  1.6930578860498827E-04
      100.000000  1.1099999999999977E+01  1.0574908572953861E-04
      100.000000  1.1199999999999976E+01  1.3030842710706560E-04
      100.000000  1.1299999999999976E+01  1.7432943928376415E-04
      100.000000  1.1399999999999975E+01  1.5560264057122553E-04
      100.000000  1.1499999999999975E+01  1.3176145394031089E-04
      100.000000  1.1599999999999975E+01  1.6553238737564073E-04
      100.000000  1.1699999999999974E+01  1.2560154986413947E-04
      100.000000  1.1799999999999974E+01  1.1047416946135950E-04
      100.000000  1.1899999999999974E+01  1.1333604704333758E-04
      100.000000  1.1999999999999973E+01  1.1758790758007384E-04
      100.000000  1.2099999999999973E+01  1.2089700559893428E-04
      100.000000  1.2199999999999973E+01  9.9659482244372896E-05
      100.000000  1.2299999999999972E+01  8.5723994373210582E-05
      100.000000  1.2399999999999972E+01  8.3959285742251448E-05
      100.000000  1.2499999999999972E+01  1.1290846982432362E-04
      100.000000  1.2599999999999971E+01  8.2198668690457906E-05
      100.000000  1.2699999999999971E+01  9.3616880127097172E-05
      100.000000  1.2799999999999971E+01  8.4890645433521620E-05
      100.000000  1.2899999999999970E+01  8.5684765402612237E-05
      100.000000  1.2999999999999970E+01  7.9423015106519214E-05
      100.000000  1.3099999999999969E+01  8.1275624872054691E-05
      100.000000  1.3199999999999969E+01  5.7030842077242457E-05
      100.000000  1.3299999999999969E+01  5.7482529139098189E-05
      100.000000  1.3399999999999968E+01  4.2854724908584928E-05
      100.000000  1.3499999999999968E+01  9.2707648904243685E-05
      100.000000  1.3599999999999968E+01  5.7410459206966344E-05
      100.000000  1.3699999999999967E+01  6.6949280181313669E-05
      100.000000  1.3799999999999967E+01  6.2121575623043070E-05
      100.000000  1.3899999999999967E+01  4.4409007470371877E-05
      100.000000  1.3999999999999966E+01  5.2012428011109034E-05
      100.000000  1.4099999999999966E+01  5.0771848851183401E-05
      100.000000  1.4199999999999966E+01  3.4070182440538599E-05
      100.000000  1.4299999999999965E+01  4.8972927642196888E-05
      100.000000  1.4399999999999965E+01  4.1091501878418161E-05
      100.000000  1.4499999999999964E+01  4.2483532005203982E-05
      100.000000  1.4599999999999964E+01  2.0655561217248595E-05
      100.000000  1.4699999999999964E+01  3.5623392616342670E-05
      100.000000  1.4799999999999963E+01  6.4734957697961022E-05
      100.000000  1.4899999999999963E+01  1.8677861882886174E-05
      100.000000  1.4999999999999963E+01  4.1243358825557115E-05
      100.000000  1.5099999999999962E+01  2.0677413343973519E-05
      100.000000  1.5199999999999962E+01  1.2525049357247542E-05
      100.000000  1.5299999999999962E+01  4.1657476321910691E-05
      100.000000  1.5399999999999961E+01  1.2711212162450598E-05
      100.000000  1.5499999999999961E+01  1.3058912563708005E-05
      100.000000  1.5599999999999961E+01  1.1358772507685591E-05
      100.000000  1.5699999999999960E+01  3.5049019607843258E-06
      100.000000  1.5799999999999960E+01  1.3392857142857187E-06
      100.000000  1.5899999999999959E+01  0.0000000000000000E+00

      150.000000  0.0000000000000000E+00  0.0000000000000000E+00
      150.000000  1.0000000000000001E-01  6.8329625096482426E-03
      150.000000  2.0000000000000001E-01  6.4537158711174235E-03
      150.000000  3.0000000000000004E-01  7.2745335073089749E-03
      150.000000  4.0000000000000002E-01  4.4023365849273667E-03
      150.000000  5.0000000000000000E-01  3.6317463316668580E-03
      150.000000  5.9999999999999998E-01  1.5904089850883975E-03
      150.000000  6.9999999999999996E-01  2.5024811273766513E-03
      150.000000  7.9999999999999993E-01  1.8822688879338984E-03
      150.000000  8.9999999999999991E-01  1.7156923906925716E-03
      150.000000  9.9999999999999989E-01  1.6481634993702283E-03
      150.000000  1.0999999999999999E+00  1.3710407414927617E-03
      150.000000  1.2000000000000000E+00  1.1219210363950438E-03
      150.000000  1.3000000000000000E+00  1.1046699138793751E-03
      150.000000  1.4000000000000001E+00  1.0591700332050866E-03
      150.000000  1.5000000000000002E+00  1.1011685095082410E-03
      150.000000  1.6000000000000003E+00  8.9228772978080519E-04
      150.000000  1.7000000000000004E+00  8.5711250335409207E-04
      150.000000  1.8000000000000005E+00  8.5605739766919685E-04
      150.000000  1.9000000000000006E+00  9.7029657727328532E-04
      150.000000  2.0000000000000004E+00  8.7504205115202915E-04
      150.000000  2.1000000000000005E+00  7.9939727845172769E-04
      150.000000  2.2000000000000006E+00  7.9896663197366222E-04
      150.000000  2.3000000000000007E+00  1.4594032711364756E-03
      150.000000  2.4000000000000008E+00  1.0268607764106045E-03
      150.000000  2.5000000000000009E+00  8.8837973645365101E-04
      150.000000  2.6000000000000010E+00  8.9843178799514883E-04
      150.000000  2.7000000000000011E+00  9.0076877320959664E-04
      150.000000  2.8000000000000012E+00  9.3447707669856890E-04
      150.000000  2.9000000000000012E+00  8.7687230907917892E-04
      150.000000  3.0000000000000013E+00  7.5065128496417896E-04
      150.000000  3.1000000000000014E+00  8.3953913037517662E-04
      150.000000  3.2000000000000015E+00  7.9146925693947625E-04
      150.000000  3.3000000000000016E+00  7.2979795136085589E-04
      150.000000  3.4000000000000017E+00  7.0929368400103544E-04
      150.000000  3.5000000000000018E+00  7.0760764050878562E-04
      150.000000  3.6000000000000019E+00  7.3734795553630889E-04
      150.000000  3.7000000000000020E+00  7.4116887555751121E-04
      150.000000  3.8000000000000020E+00  7.1142631080572927E-04
      150.000000  3.9000000000000021E+00  6.4263299419368416E-04
      150.000000  4.0000000000000018E+00  7.3938772370124659E-04
      150.000000  4.1000000000000014E+00  7.2080699175970674E-04
      150.000000  4.2000000000000011E+00  6.5111537001343435E-04
      150.000000  4.3000000000000007E+00  6.0415745179293815E-04
      150.000000  4.4000000000000004E+00  6.2445789501592295E-04
      150.000000  4.5000000000000000E+00  6.7222713023436947E-04
      150.000000  4.5999999999999996E+00  6.5608781409044390E-04
      150.000000  4.6999999999999993E+00  7.0364411131111193E-04
      150.000000  4.7999999999999989E+00  6.4404890186023573E-04
      150.000000  4.8999999999999986E+00  6.7101976023214462E-04
      150.000000  4.9999999999999982E+00  6.2229701051120211E-04
      150.000000  5.0999999999999979E+00  5.9433485436507084E-04
      150.000000  5.1999999999999975E+00  5.0657095540175448E-04
      150.000000  5.2999999999999972E+00  4.8050073455878112E-04
      150.000000  5.3999999999999968E+00  5.4926006048950109E-04
      150.000000  5.4999999999999964E+00  5.6513116430858949E-04
      150.000000  5.5999999999999961E+00  5.1853775234084664E-04
      150.000000  5.6999999999999957E+00  4.2086399395176632E-04
      150.000000  5.7999999999999954E+00  3.2685125282930260E-04
      150.000000  5.8999999999999950E+00  3.2399147595114225E-04
      150.000000  5.9999999999999947E+00  2.2917208131508391E-04
      150.000000  6.0999999999999943E+00  2.1928874652080502E-04
      150.000000  6.1999999999999940E+00  2.0040969691673745E-04
      150.000000  6.2999999999999936E+00  1.4421375631355825E-04
      150.000000  6.3999999999999932E+00  1.6796326237452809E-04
      150.000000  6.4999999999999929E+00  1.8608347044145039E-04
      150.000000  6.5999999999999925E+00  1.9208936416797832E-04
      150.000000  6.6999999999999922E+00  1.5046762633286558E-04
      150.000000  6.7999999999999918E+00  1.6344973785497200E-04
      150.000000  6.8999999999999915E+00  2.0951498512325337E-04
      150.000000  6.9999999999999911E+00  2.0252396478098055E-04
      150.000000  7.0999999999999908E+00  2.3414177474052411E-04
      150.000000  7.1999999999999904E+00  2.5915985729422293E-04
      150.000000  7.2999999999999901E+00  2.6183183774194279E-04
      150.000000  7.3999999999999897E+00  2.8933334965203700E-04
      150.000000  7.4999999999999893E+00  3.2214236617249568E-04
      150.000000  7.5999999999999890E+00  3.8549086867650063E-04
      150.000000  7.6999999999999886E+00  3.4508447817014346E-04
      150.000000  7.7999999999999883E+00  2.9551658012188934E-04
      150.000000  7.8999999999999879E+00  1.9254844422464626E-04
      150.000000  7.9999999999999876E+00  1.7466395853178886E-04
      150.000000  8.0999999999999872E+00  1.0688668290618380E-04
      150.000000  8.1999999999999869E+00  7.9943020935635553E-05
      150.000000  8.2999999999999865E+00  8.1151866011376335E-05
      150.000000  8.3999999999999861E+00  2.8093081181468008E-05
      150.000000  8.4999999999999858E+00  8.0091215401186758E-05
      150.000000  8.5999999999999854E+00  4.6780091975448168E-05
      150.000000  8.6999999999999851E+00  4.2808106058028808E-05
      150.000000  8.7999999999999847E+00  2.4855997932236407E-05
      150.000000  8.8999999999999844E+00  3.6365453376360084E-05
      150.000000  8.9999999999999840E+00  2.6084770752646737E-05
      150.000000  9.0999999999999837E+00  4.4493003449266225E-05
      150.000000  9.1999999999999833E+00  9.7709938219241104E-05
      150.000000  9.2999999999999829E+00  9.0554533598127517E-05
      150.000000  9.3999999999999826E+00  1.1522300993901519E-04
      150.000000  9.4999999999999822E+00  7.9785367915389055E-05
      150.000000  9.5999999999999819E+00  5.6756772771984563E-05
      150.000000  9.6999999999999815E+00  5.5529897434767060E-05
      150.000000  9.7999999999999812E+00  8.4899528324982926E-05
      150.000000  9.8999999999999808E+00  1.2627969969026775E-04
      150.000000  9.9999999999999805E+00  1.6955205593290523E-04
      150.000000  1.0099999999999980E+01  1.2755099282183818E-04
      150.000000  1.0199999999999980E+01  1.0972525079727728E-04
      150.000000  1.0299999999999979E+01  7.2310435597964455E-05
      150.000000  1.0399999999999979E+01  1.1364716371108926E-04
      150.000000  1.0499999999999979E+01  1.2073609689382227E-04
      150.000000  1.0599999999999978E+01  1.5012379511239774E-04
      150.000000  1.0699999999999978E+01  1.0393067184195570E-04
      150.000000  1.0799999999999978E+01  1.3993286311411276E-04
      150.000000  1.0899999999999977E+01  1.2236925256583396E-04
      150.000000  1.0999999999999977E+01  1.6618618340350126E-04
      150.000000  1.1099999999999977E+01  1.0307082874686989E-04
      150.000000  1.1199999999999976E+01  1.2808159223813147E-04
      150.000000  1.1299999999999976E+01  1.7107492874156007E-04
      150.000000  1.1399999999999975E+01  1.5261759891109638E-04
      150.000000  1.1499999999999975E+01  1.2927635337667466E-04
      150.000000  1.1599999999999975E+01  1.6217652215868723E-04
      150.000000  1.1699999999999974E+01  1.2275867945065486E-04
      150.000000  1.1799999999999974E+01  1.0770210877051676E-04
      150.000000  1.1899999999999974E+01  1.1123373313850219E-04
      150.000000  1.1999999999999973E+01  1.1446848452744306E-04
      150.000000  1.2099999999999973E+01  1.1737219011900035E-04
      150.000000  1.2199999999999973E+01  9.6276590990638559E-05
      150.000000  1.2299999999999972E+01  8.3500389781000794E-05
      150.000000  1.2399999999999972E+01  8.2064192584535442E-05
      150.000000  1.2499999999999972E+01  1.1077865855148166E-04
      150.000000  1.2599999999999971E+01  8.0070702506838208E-05
      150.000000  1.2699999999999971E+01  9.1172768138867523E-05
      150.000000  1.2799999999999971E+01  8.3496632682987125E-05
      150.000000  1.2899999999999970E+01  8.3336574872633169E-05
      150.000000  1.2999999999999970E+01  7.7755198525618759E-05
      150.000000  1.3099999999999969E+01  7.9759086456909455E-05
      150.000000  1.3199999999999969E+01  5.5397808607444273E-05
      150.000000  1.3299999999999969E+01  5.5869825197685801E-05
      150.000000  1.3399999999999968E+01  4.1429050239879571E-05
      150.000000  1.3499999999999968E+01  9.1447174860407113E-05
      150.000000  1.3599999999999968E+01  5.5468886003244789E-05
      150.000000  1.3699999999999967E+01  6.5309914087074771E-05
      150.000000  1.3799999999999967E+01  6.0702278416981143E-05
      150.000000  1.3899999999999967E+01  4.2752542869877117E-05
      150.000000  1.3999999999999966E+01  5.0747779696460723E-05
      150.000000  1.4099999999999966E+01  4.9579657814952108E-05
      150.000000  1.4199999999999966E+01  3.2742702443082826E-05
      150.000000  1.4299999999999965E+01  4.7968086293315293E-05
      150.000000  1.4399999999999965E+01  3.9838299372812910E-05
      150.000000  1.4499999999999964E+01  4.1796404804918879E-05
      150.000000  1.4599999999999964E+01  2.0280392829228543E-05
      150.000000  1.4699999999999964E+01  3.4756521774242990E-05
      150.000000  1.4799999999999963E+01  6.3875411830358885E-05
      150.000000  1.4899999999999963E+01  1.8144608719453984E-05
      150.000000  1.4999999999999963E+01  4.0684530083443271E-05
      150.000000  1.5099999999999962E+01  2.0306954870035436E-05
      150.000000  1.5199999999999962E+01  1.2344552076750261E-05
      150.000000  1.5299999999999962E+01  4.1456000411024788E-05
      150.000000  1.5399999999999961E+01  1.2240999968363304E-05
      150.000000  1.5499999999999961E+01  1.2551910507792904E-05
      150.000000  1.5599999999999961E+01  1.1187346711259793E-05
      150.000000  1.5699999999999960E+01  3.4289321789321906E-06
      150.000000  1.5799999999999960E+01  1.3392857142857187E-06
      150.000000  1.5899999999999959E+01  0.0000000000000000E+00

      200.000000  0.0000000000000000E+00  0.0000000000000000E+00
      200.000000  1.0000000000000001E-01  7.5100235237609220E-03
      200.000000  2.0000000000000001E-01  6.6884643622276176E-03
      200.000000  3.0000000000000004E-01  7.3019348813574327E-03
      200.000000  4.0000000000000002E-01  4.3529212721475476E-03
      200.000000  5.0000000000000000E-01  3.5787055550443848E-03
      200.000000  5.9999999999999998E-01  1.5687421774280960E-03
      200.000000  6.9999999999999996E-01  2.4636927948856143E-03
      200.000000  7.9999999999999993E-01  1.8518637168089590E-03
      200.000000  8.9999999999999991E-01  1.6891403976707676E-03
      200.000000  9.9999999999999989E-01  1.6181872969736897E-03
      200.000000  1.0999999999999999E+00  1.3491593574356797E-03
      200.000000  1.2000000000000000E+00  1.1046360735496045E-03
      200.000000  1.3000000000000000E+00  1.0862378339777168E-03
      200.000000  1.4000000000000001E+00  1.0417930026257790E-03
      200.000000  1.5000000000000002E+00  1.0845669601144605E-03
      200.000000  1.6000000000000003E+00  8.7639715791986729E-04
      200.000000  1.7000000000000004E+00  8.4433330744433817E-04
      200.000000  1.8000000000000005E+00  8.4271958517895262E-04
      200.000000  1.9000000000000006E+00  9.5575152880341731E-04
      200.000000  2.0000000000000004E+00  8.6197056367409242E-04
      200.000000  2.1000000000000005E+00  7.8580061178792936E-04
      200.000000  2.2000000000000006E+00  7.8756098356203323E-04
      200.000000  2.3000000000000007E+00  1.4370211429165052E-03
      200.000000  2.4000000000000008E+00  1.0118269448678187E-03
      200.000000  2.5000000000000009E+00  8.7451891649006615E-04
      200.000000  2.6000000000000010E+00  8.8457952784756625E-04
      200.000000  2.7000000000000011E+00  8.8547499106862888E-04
      200.000000  2.8000000000000012E+00  9.2106474360236857E-04
      200.000000  2.9000000000000012E+00  8.6430155851086033E-04
      200.000000  3.0000000000000013E+00  7.3984787685860034E-04
      200.000000  3.1000000000000014E+00  8.2778033920163907E-04
      200.000000  3.2000000000000015E+00  7.7895470242380401E-04
      200.000000  3.3000000000000016E+00  7.1867945999757438E-04
      200.000000  3.4000000000000017E+00  6.9925936806110984E-04
      200.000000  3.5000000000000018E+00  6.9811717037600849E-04
      200.000000  3.6000000000000019E+00  7.2542167778311129E-04
      200.000000  3.7000000000000020E+00  7.3166795924814823E-04
      200.000000  3.8000000000000020E+00  7.0234371305198835E-04
      200.000000  3.9000000000000021E+00  6.3306286166876649E-04
      200.000000  4.0000000000000018E+00  7.3035835537005843E-04
      200.000000  4.1000000000000014E+00  7.1087598662476542E-04
      200.000000  4.2000000000000011E+00  6.4160646107822830E-04
      200.000000  4.3000000000000007E+00  5.9680793426639372E-04
      200.000000  4.4000000000000004E+00  6.1636588080761750E-04
      200.000000  4.5000000000000000E+00  6.6226867694466616E-04
      200.000000  4.5999999999999996E+00  6.4605146669495820E-04
      200.000000  4.6999999999999993E+00  6.9568129305857369E-04
      200.000000  4.7999999999999989E+00  6.3718952110272317E-04
      200.000000  4.8999999999999986E+00  6.6181262355181870E-04
      200.000000  4.9999999999999982E+00  6.1274609346953989E-04
      200.000000  5.0999999999999979E+00  5.8604322869966626E-04
      200.000000  5.1999999999999975E+00  5.0007178888942594E-04
      200.000000  5.2999999999999972E+00  4.7338824308080488E-04
      200.000000  5.3999999999999968E+00  5.4095503419443209E-04
      200.000000  5.4999999999999964E+00  5.5717595433562022E-04
      200.000000  5.5999999999999961E+00  5.1281749841878763E-04
      200.000000  5.6999999999999957E+00  4.1513598109293120E-04
      200.000000  5.7999999999999954E+00  3.2202712622300922E-04
      200.000000  5.8999999999999950E+00  3.1946616542912046E-04
      200.000000  5.9999999999999947E+00  2.2567319517153509E-04
      200.000000  6.0999999999999943E+00  2.1665527704426148E-04
      200.000000  6.1999999999999940E+00  1.9863094534677931E-04
      200.000000  6.2999999999999936E+00  1.4237427972261968E-04
      200.000000  6.3999999999999932E+00  1.6544639489761458E-04
      200.000000  6.4999999999999929E+00  1.8436420029336106E-04
      200.000000  6.5999999999999925E+00  1.8960860805425936E-04
      200.000000  6.6999999999999922E+00  1.4825885022814360E-04
      200.000000  6.7999999999999918E+00  1.6134434194152396E-04
      200.000000  6.8999999999999915E+00  2.0628900674890489E-04
      200.000000  6.9999999999999911E+00  1.9999584401462789E-04
      200.000000  7.0999999999999908E+00  2.3174134317285167E-04
      200.000000  7.1999999999999904E+00  2.5662674030327856E-04
      200.000000  7.2999999999999901E+00  2.5849752154919945E-04
      200.000000  7.3999999999999897E+00  2.8550427154259804E-04
      200.000000  7.4999999999999893E+00  3.1856834549508873E-04
      200.000000  7.5999999999999890E+00  3.8131009100916444E-04
      200.000000  7.6999999999999886E+00  3.4087141496522730E-04
      200.000000  7.7999999999999883E+00  2.9159845671785441E-04
      200.000000  7.8999999999999879E+00  1.8997719608717639E-04
      200.000000  7.9999999999999876E+00  1.7083587236288626E-04
      200.000000  8.0999999999999872E+00  1.0541158236384584E-04
      200.000000  8.1999999999999869E+00  7.8571310359577153E-05
      200.000000  8.2999999999999865E+00  7.9927388408134210E-05
      200.000000  8.3999999999999861E+00  2.7765048533001924E-05
      200.000000  8.4999999999999858E+00  7.8724980214518129E-05
      200.000000  8.5999999999999854E+00  4.6207871783023375E-05
      200.000000  8.6999999999999851E+00  4.2543980454322760E-05
      200.000000  8.7999999999999847E+00  2.4608051863856904E-05
      200.000000  8.8999999999999844E+00  3.6109750000452107E-05
      200.000000  8.9999999999999840E+00  2.5742287073092117E-05
      200.000000  9.0999999999999837E+00  4.3673946543109016E-05
      200.000000  9.1999999999999833E+00  9.6306427675569610E-05
      200.000000  9.2999999999999829E+00  8.9289982744883699E-05
      200.000000  9.3999999999999826E+00  1.1396515223595287E-04
      200.000000  9.4999999999999822E+00  7.8714152837510909E-05
      200.000000  9.5999999999999819E+00  5.5760934988523943E-05
      200.000000  9.6999999999999815E+00  5.4593150199067319E-05
      200.000000  9.7999999999999812E+00  8.3532669210248928E-05
      200.000000  9.8999999999999808E+00  1.2443229029063640E-04
      200.000000  9.9999999999999805E+00  1.6806464993518772E-04
      200.000000  1.0099999999999980E+01  1.2529574141066646E-04
      200.000000  1.0199999999999980E+01  1.0872850821237678E-04
      200.000000  1.0299999999999979E+01  7.1448953420721412E-05
      200.000000  1.0399999999999979E+01  1.1262294252787628E-04
      200.000000  1.0499999999999979E+01  1.1910219531445791E-04
      200.000000  1.0599999999999978E+01  1.4843796300069496E-04
      200.000000  1.0699999999999978E+01  1.0225256557716211E-04
      200.000000  1.0799999999999978E+01  1.3827079023127087E-04
      200.000000  1.0899999999999977E+01  1.2097319413671927E-04
      200.000000  1.0999999999999977E+01  1.6439139489955699E-04
      200.000000  1.1099999999999977E+01  1.0155735904090792E-04
      200.000000  1.1199999999999976E+01  1.2615741182680270E-04
      200.000000  1.1299999999999976E+01  1.6828515489124982E-04
      200.000000  1.1399999999999975E+01  1.5089611007365131E-04
      200.000000  1.1499999999999975E+01  1.2760927559494966E-04
      200.000000  1.1599999999999975E+01  1.6032352257891078E-04
      200.000000  1.1699999999999974E+01  1.2127809384720369E-04
      200.000000  1.1799999999999974E+01  1.0623799192138602E-04
      200.000000  1.1899999999999974E+01  1.0988352665109130E-04
      200.000000  1.1999999999999973E+01  1.1358297903357506E-04
      200.000000  1.2099999999999973E+01  1.1610737504358155E-04
      200.000000  1.2199999999999973E+01  9.5500609544116913E-05
      200.000000  1.2299999999999972E+01  8.2562986987715623E-05
      200.000000  1.2399999999999972E+01  8.0542403129393585E-05
      200.000000  1.2499999999999972E+01  1.0972859427742693E-04
      200.000000  1.2599999999999971E+01  7.9214313811204647E-05
      200.000000  1.2699999999999971E+01  9.0288674064183444E-05
      200.000000  1.2799999999999971E+01  8.2788758187964296E-05
      200.000000  1.2899999999999970E+01  8.2394736716472777E-05
      200.000000  1.2999999999999970E+01  7.7046292235830133E-05
      200.000000  1.3099999999999969E+01  7.8853842152523267E-05
      200.000000  1.3199999999999969E+01  5.4531170128963675E-05
      200.000000  1.3299999999999969E+01  5.5050566526024379E-05
      200.000000  1.3399999999999968E+01  4.1016851757247648E-05
      200.000000  1.3499999999999968E+01  9.0812601386588786E-05
      200.000000  1.3599999999999968E+01  5.4486863199866491E-05
      200.000000  1.3699999999999967E+01  6.4794683718364792E-05
      200.000000  1.3799999999999967E+01  5.9947958461574227E-05
      200.000000  1.3899999999999967E+01  4.2256143460319812E-05
      200.000000  1.3999999999999966E+01  5.0096633857385819E-05
      200.000000  1.4099999999999966E+01  4.9391786046197989E-05
      200.000000  1.4199999999999966E+01  3.2376402504481767E-05
      200.000000  1.4299999999999965E+01  4.7642266505424570E-05
      200.000000  1.4399999999999965E+01  3.9291360200873733E-05
      200.000000  1.4499999999999964E+01  4.1400768320037546E-05
      200.000000  1.4599999999999964E+01  2.0036325061247734E-05
      200.000000  1.4699999999999964E+01  3.4374811521318569E-05
      200.000000  1.4799999999999963E+01  6.3379523660557670E-05
      200.000000  1.4899999999999963E+01  1.7822496191459102E-05
      200.000000  1.4999999999999963E+01  4.0414747088660273E-05
      200.000000  1.5099999999999962E+01  1.9838096245523289E-05
      200.000000  1.5199999999999962E+01  1.2115526815755692E-05
      200.000000  1.5299999999999962E+01  4.1105145128200189E-05
      200.000000  1.5399999999999961E+01  1.2113835466198799E-05
      200.000000  1.5499999999999961E+01  1.2071803471726113E-05
      200.000000  1.5599999999999961E+01  1.1123244147157230E-05
      200.000000  1.5699999999999960E+01  3.3158270028979523E-06
      200.000000  1.5799999999999960E+01  1.3392857142857187E-06
      200.000000  1.5899999999999959E+01  0.0000000000000000E+00

      250.000000  0.0000000000000000E+00  0.0000000000000000E+00
      250.000000  1.0000000000000001E-01  8.0145125429517197E-03
      250.000000  2.0000000000000001E-01  6.8218989264200412E-03
      250.000000  3.0000000000000004E-01  7.2889955278018122E-03
      250.000000  4.0000000000000002E-01  4.3144360119247212E-03
      250.000000  5.0000000000000000E-01  3.5422631810867649E-03
      250.000000  5.9999999999999998E-01  1.5530917541982884E-03
      250.000000  6.9999999999999996E-01  2.4358165732182046E-03
      250.000000  7.9999999999999993E-01  1.8321430382734415E-03
      250.000000  8.9999999999999991E-01  1.6706987284728699E-03
      250.000000  9.9999999999999989E-01  1.6007357236903271E-03
      250.000000  1.0999999999999999E+00  1.3343159755619279E-03
      250.000000  1.2000000000000000E+00  1.0929189824723903E-03
      250.000000  1.3000000000000000E+00  1.0731497434840022E-03
      250.000000  1.4000000000000001E+00  1.0313354848974735E-03
      250.000000  1.5000000000000002E+00  1.0735462141141254E-03
      250.000000  1.6000000000000003E+00  8.6673091807226309E-04
      250.000000  1.7000000000000004E+00  8.3604530350329031E-04
      250.000000  1.8000000000000005E+00  8.3310381431376342E-04
      250.000000  1.9000000000000006E+00  9.4610459118843210E-04
      250.000000  2.0000000000000004E+00  8.5390994098643268E-04
      250.000000  2.1000000000000005E+00  7.7700543739463938E-04
      250.000000  2.2000000000000006E+00  7.7815791681321901E-04
      250.000000  2.3000000000000007E+00  1.4217916600029220E-03
      250.000000  2.4000000000000008E+00  1.0019020517285763E-03
      250.000000  2.5000000000000009E+00  8.6485383765523560E-04
      250.000000  2.6000000000000010E+00  8.7649555481878177E-04
      250.000000  2.7000000000000011E+00  8.7560108672969878E-04
      250.000000  2.8000000000000012E+00  9.1286093749905390E-04
      250.000000  2.9000000000000012E+00  8.5552683115825443E-04
      250.000000  3.0000000000000013E+00  7.3398980294661761E-04
      250.000000  3.1000000000000014E+00  8.2082870842343386E-04
      250.000000  3.2000000000000015E+00  7.7176276863695503E-04
      250.000000  3.3000000000000016E+00  7.1118186650174716E-04
      250.000000  3.4000000000000017E+00  6.9223707712523150E-04
      250.000000  3.5000000000000018E+00  6.9210183016699101E-04
      250.000000  3.6000000000000019E+00  7.1860927388160939E-04
      250.000000  3.7000000000000020E+00  7.2493380835591897E-04
      250.000000  3.8000000000000020E+00  6.9552208218172156E-04
      250.000000  3.9000000000000021E+00  6.2640938407681134E-04
      250.000000  4.0000000000000018E+00  7.2484092654752049E-04
      250.000000  4.1000000000000014E+00  7.0504045653674231E-04
      250.000000  4.2000000000000011E+00  6.3583196170487806E-04
      250.000000  4.3000000000000007E+00  5.9148945537704461E-04
      250.000000  4.4000000000000004E+00  6.1062161857910135E-04
      250.000000  4.5000000000000000E+00  6.5681184488051026E-04
      250.000000  4.5999999999999996E+00  6.4024854077679146E-04
      250.000000  4.6999999999999993E+00  6.8930062429156170E-04
      250.000000  4.7999999999999989E+00  6.3152953619385454E-04
      250.000000  4.8999999999999986E+00  6.5674802867413931E-04
      250.000000  4.9999999999999982E+00  6.0735327421816460E-04
      250.000000  5.0999999999999979E+00  5.8126756015528728E-04
      250.000000  5.1999999999999975E+00  4.9647225127802288E-04
      250.000000  5.2999999999999972E+00  4.6785858211927859E-04
      250.000000  5.3999999999999968E+00  5.3639121825175466E-04
      250.000000  5.4999999999999964E+00  5.5240590664213632E-04
      250.000000  5.5999999999999961E+00  5.0873576447050346E-04
      250.000000  5.6999999999999957E+00  4.1063631759217210E-04
      250.000000  5.7999999999999954E+00  3.1932872029730733E-04
      250.000000  5.8999999999999950E+00  3.1647193648842237E-04
      250.000000  5.9999999999999947E+00  2.2332325379581842E-04
      250.000000  6.0999999999999943E+00  2.1493768009943454E-04
      250.000000  6.1999999999999940E+00  1.9741157270722340E-04
      250.000000  6.2999999999999936E+00  1.4116525271542086E-04
      250.000000  6.3999999999999932E+00  1.6385715296131047E-04
      250.000000  6.4999999999999929E+00  1.8282724237496034E-04
      250.000000  6.5999999999999925E+00  1.8847603744463507E-04
      250.000000  6.6999999999999922E+00  1.4726664280822720E-04
      250.000000  6.7999999999999918E+00  1.6014007725880905E-04
      250.000000  6.8999999999999915E+00  2.0460940674387390E-04
      250.000000  6.9999999999999911E+00  1.9819550247854106E-04
      250.000000  7.0999999999999908E+00  2.2960326553492550E-04
      250.000000  7.1999999999999904E+00  2.5424541981391860E-04
      250.000000  7.2999999999999901E+00  2.5621003435645923E-04
      250.000000  7.3999999999999897E+00  2.8245613742942179E-04
      250.000000  7.4999999999999893E+00  3.1602432310345651E-04
      250.000000  7.5999999999999890E+00  3.7825804063597735E-04
      250.000000  7.6999999999999886E+00  3.3827143897961878E-04
      250.000000  7.7999999999999883E+00  2.8844876681864299E-04
      250.000000  7.8999999999999879E+00  1.8809372810484607E-04
      250.000000  7.9999999999999876E+00  1.6953758921029474E-04
      250.000000  8.0999999999999872E+00  1.0439584800298426E-04
      250.000000  8.1999999999999869E+00  7.7927823587304530E-05
      250.000000  8.2999999999999865E+00  7.9289139623220869E-05
      250.000000  8.3999999999999861E+00  2.7464525039753973E-05
      250.000000  8.4999999999999858E+00  7.8502907986257296E-05
      250.000000  8.5999999999999854E+00  4.5450705218887498E-05
      250.000000  8.6999999999999851E+00  4.2292355961318961E-05
      250.000000  8.7999999999999847E+00  2.4249118098963386E-05
      250.000000  8.8999999999999844E+00  3.5753617682477677E-05
      250.000000  8.9999999999999840E+00  2.5478668970535396E-05
      250.000000  9.0999999999999837E+00  4.3000496586296567E-05
      250.000000  9.1999999999999833E+00  9.4883749409454976E-05
      250.000000  9.2999999999999829E+00  8.8562777077127482E-05
      250.000000  9.3999999999999826E+00  1.1298991963912248E-04
      250.000000  9.4999999999999822E+00  7.8251178108730096E-05
      250.000000  9.5999999999999819E+00  5.5084235598589259E-05
      250.000000  9.6999999999999815E+00  5.4265726284761854E-05
      250.000000  9.7999999999999812E+00  8.2990235684072630E-05
      250.000000  9.8999999999999808E+00  1.2335111878930834E-04
      250.000000  9.9999999999999805E+00  1.6652602987853694E-04
      250.000000  1.0099999999999980E+01  1.2455550540479241E-04
      250.000000  1.0199999999999980E+01  1.0727014092893211E-04
      250.000000  1.0299999999999979E+01  7.0856929435440504E-05
      250.000000  1.0399999999999979E+01  1.1165568765720260E-04
      250.000000  1.0499999999999979E+01  1.1814594651259882E-04
      250.000000  1.0599999999999978E+01  1.4708329874198910E-04
      250.000000  1.0699999999999978E+01  1.0079692859637368E-04
      250.000000  1.0799999999999978E+01  1.3757143201294976E-04
      250.000000  1.0899999999999977E+01  1.1953413098146616E-04
      250.000000  1.0999999999999977E+01  1.6314270653816840E-04
      250.000000  1.1099999999999977E+01  1.0062296093638258E-04
      250.000000  1.1199999999999976E+01  1.2428663965329220E-04
      250.000000  1.1299999999999976E+01  1.6684019406420285E-04
      250.000000  1.1399999999999975E+01  1.5013232396582498E-04
      250.000000  1.1499999999999975E+01  1.2667079407763427E-04
      250.000000  1.1599999999999975E+01  1.5925312044648578E-04
      250.000000  1.1699999999999974E+01  1.1987235987318082E-04
      250.000000  1.1799999999999974E+01  1.0553736420148919E-04
      250.000000  1.1899999999999974E+01  1.0942860622738879E-04
      250.000000  1.1999999999999973E+01  1.1249840486796711E-04
      250.000000  1.2099999999999973E+01  1.1557316743197119E-04
      250.000000  1.2199999999999973E+01  9.4955096352144120E-05
      250.000000  1.2299999999999972E+01  8.1747648732196992E-05
      250.000000  1.2399999999999972E+01  8.0262092968278460E-05
      250.000000  1.2499999999999972E+01  1.0907494931433253E-04
      250.000000  1.2599999999999971E+01  7.8814258814551857E-05
      250.000000  1.2699999999999971E+01  8.9374109743707423E-05
      250.000000  1.2799999999999971E+01  8.2295908646201708E-05
      250.000000  1.2899999999999970E+01  8.1379784821440578E-05
      250.000000  1.2999999999999970E+01  7.6333882709175748E-05
      250.000000  1.3099999999999969E+01  7.8270490700054179E-05
      250.000000  1.3199999999999969E+01  5.4273589947470453E-05
      250.000000  1.3299999999999969E+01  5.4565438432533792E-05
      250.000000  1.3399999999999968E+01  4.0657997923316410E-05
      250.000000  1.3499999999999968E+01  9.0134181419230199E-05
      250.000000  1.3599999999999968E+01  5.4046816103859639E-05
      250.000000  1.3699999999999967E+01  6.4409533397459312E-05
      250.000000  1.3799999999999967E+01  5.9158192957563879E-05
      250.000000  1.3899999999999967E+01  4.1905161680848329E-05
      250.000000  1.3999999999999966E+01  4.9653425794279386E-05
      250.000000  1.4099999999999966E+01  4.9118693798411964E-05
      250.000000  1.4199999999999966E+01  3.1996961030922644E-05
      250.000000  1.4299999999999965E+01  4.7348315848238610E-05
      250.000000  1.4399999999999965E+01  3.8984783607532437E-05
      250.000000  1.4499999999999964E+01  4.1248078904190238E-05
      250.000000  1.4599999999999964E+01  1.9919460501658714E-05
      250.000000  1.4699999999999964E+01  3.4156886156872812E-05
      250.000000  1.4799999999999963E+01  6.3233669514703534E-05
      250.000000  1.4899999999999963E+01  1.7700600543247662E-05
      250.000000  1.4999999999999963E+01  4.0278780658576197E-05
      250.000000  1.5099999999999962E+01  1.9657854858083757E-05
      250.000000  1.5199999999999962E+01  1.2091717291946168E-05
      250.000000  1.5299999999999962E+01  4.0979552439678443E-05
      250.000000  1.5399999999999961E+01  1.1916737586567187E-05
      250.000000  1.5499999999999961E+01  1.2039752189674832E-05
      250.000000  1.5599999999999961E+01  1.1071794871794910E-05
      250.000000  1.5699999999999960E+01  3.2977110608689670E-06
      250.000000  1.5799999999999960E+01  1.3392857142857187E-06
      250.000000  1.5899999999999959E+01  0.0000000000000000E+00

      300.000000  0.0000000000000000E+00  0.0000000000000000E+00
      300.000000  1.0000000000000001E-01  8.4030463480532017E-03
      300.000000  2.0000000000000001E-01  6.8874282175807435E-03
      300.000000  3.0000000000000004E-01  7.2615756579230990E-03
      300.000000  4.0000000000000002E-01  4.2863690105202946E-03
      300.000000  5.0000000000000000E-01  3.5163843726669841E-03
      300.000000  5.9999999999999998E-01  1.5414932795626260E-03
      300.000000  6.9999999999999996E-01  2.4200156473008386E-03
      300.000000  7.9999999999999993E-01  1.8186167169974346E-03
      300.000000  8.9999999999999991E-01  1.6585406200857688E-03
      300.000000  9.9999999999999989E-01  1.5891280022020217E-03
      300.000000  1.0999999999999999E+00  1.3253411461355818E-03
      300.000000  1.2000000000000000E+00  1.0852138430218203E-03
      300.000000  1.3000000000000000E+00  1.0650641406152563E-03
      300.000000  1.4000000000000001E+00  1.0244289467826752E-03
      300.000000  1.5000000000000002E+00  1.0670000491425412E-03
      300.000000  1.6000000000000003E+00  8.6010263037588264E-04
      300.000000  1.7000000000000004E+00  8.3047131062295623E-04
      300.000000  1.8000000000000005E+00  8.2863424291681684E-04
      300.000000  1.9000000000000006E+00  9.3920829025959736E-04
      300.000000  2.0000000000000004E+00  8.4857801396144507E-04
      300.000000  2.1000000000000005E+00  7.7066826613812419E-04
      300.000000  2.2000000000000006E+00  7.7218979911076752E-04
      300.000000  2.3000000000000007E+00  1.4119174023598366E-03
      300.000000  2.4000000000000008E+00  9.9460125024200042E-04
      300.000000  2.5000000000000009E+00  8.5842746029613361E-04
      300.000000  2.6000000000000010E+00  8.7118176972134954E-04
      300.000000  2.7000000000000011E+00  8.6964447228161099E-04
      300.000000  2.8000000000000012E+00  9.0675462880008423E-04
      300.000000  2.9000000000000012E+00  8.5008257747494693E-04
      300.000000  3.0000000000000013E+00  7.2809984735878130E-04
      300.000000  3.1000000000000014E+00  8.1459879024954574E-04
      300.000000  3.2000000000000015E+00  7.6673873858358491E-04
      300.000000  3.3000000000000016E+00  7.0673599183356569E-04
      300.000000  3.4000000000000017E+00  6.8846370761183853E-04
      300.000000  3.5000000000000018E+00  6.8817464039236419E-04
      300.000000  3.6000000000000019E+00  7.1451213668827782E-04
      300.000000  3.7000000000000020E+00  7.1949243775517062E-04
      300.000000  3.8000000000000020E+00  6.9042869531380868E-04
      300.000000  3.9000000000000021E+00  6.2211597409642040E-04
      300.000000  4.0000000000000018E+00  7.1967626379332869E-04
      300.000000  4.1000000000000014E+00  6.9868660919030553E-04
      300.000000  4.2000000000000011E+00  6.3144822081482590E-04
      300.000000  4.3000000000000007E+00  5.8791549784385441E-04
      300.000000  4.4000000000000004E+00  6.0608551613902206E-04
      300.000000  4.5000000000000000E+00  6.5210605585271043E-04
      300.000000  4.5999999999999996E+00  6.3666890228176369E-04
      300.000000  4.6999999999999993E+00  6.8505428390005759E-04
      300.000000  4.7999999999999989E+00  6.2815046015152665E-04
      300.000000  4.8999999999999986E+00  6.5264226944860789E-04
      300.000000  4.9999999999999982E+00  6.0362922222993937E-04
      300.000000  5.0999999999999979E+00  5.7814025765621623E-04
      300.000000  5.1999999999999975E+00  4.9341796999954923E-04
      300.000000  5.2999999999999972E+00  4.6501356816807223E-04
      300.000000  5.3999999999999968E+00  5.3366668655157180E-04
      300.000000  5.4999999999999964E+00  5.4916685147036331E-04
      300.000000  5.5999999999999961E+00  5.0572161816380269E-04
      300.000000  5.6999999999999957E+00  4.0800352843356279E-04
      300.000000  5.7999999999999954E+00  3.1743704540996925E-04
      300.000000  5.8999999999999950E+00  3.1451651771879024E-04
      300.000000  5.9999999999999947E+00  2.2218467420599707E-04
      300.000000  6.0999999999999943E+00  2.1365954637908875E-04
      300.000000  6.1999999999999940E+00  1.9642544522050268E-04
      300.000000  6.2999999999999936E+00  1.4066305785755384E-04
      300.000000  6.3999999999999932E+00  1.6244944055599685E-04
      300.000000  6.4999999999999929E+00  1.8138380727994845E-04
      300.000000  6.5999999999999925E+00  1.8756939649943182E-04
      300.000000  6.6999999999999922E+00  1.4629854024085994E-04
      300.000000  6.7999999999999918E+00  1.5903406115734287E-04
      300.000000  6.8999999999999915E+00  2.0280349177596540E-04
      300.000000  6.9999999999999911E+00  1.9651902202090347E-04
      300.000000  7.0999999999999908E+00  2.2788529262281830E-04
      300.000000  7.1999999999999904E+00  2.5263424535671038E-04
      300.000000  7.2999999999999901E+00  2.5460464135399413E-04
      300.000000  7.3999999999999897E+00  2.8040327423737459E-04
      300.000000  7.4999999999999893E+00  3.1439807760134432E-04
      300.000000  7.5999999999999890E+00  3.7586039111164703E-04
      300.000000  7.6999999999999886E+00  3.3645321067953123E-04
      300.000000  7.7999999999999883E+00  2.8588408381237320E-04
      300.000000  7.8999999999999879E+00  1.8677042524095522E-04
      300.000000  7.9999999999999876E+00  1.6821931918482654E-04
      300.000000  8.0999999999999872E+00  1.0400847937440718E-04
      300.000000  8.1999999999999869E+00  7.7562849042792792E-05
      300.000000  8.2999999999999865E+00  7.8895158748051403E-05
      300.000000  8.3999999999999861E+00  2.7362344611486584E-05
      300.000000  8.4999999999999858E+00  7.7994005872482404E-05
      300.000000  8.5999999999999854E+00  4.5093781586963868E-05
      300.000000  8.6999999999999851E+00  4.2180300460247434E-05
      300.000000  8.7999999999999847E+00  2.3954634804480088E-05
      300.000000  8.8999999999999844E+00  3.5610760539620539E-05
      300.000000  8.9999999999999840E+00  2.5402911394777815E-05
      300.000000  9.0999999999999837E+00  4.2536332463998776E-05
      300.000000  9.1999999999999833E+00  9.4457358993055030E-05
      300.000000  9.2999999999999829E+00  8.7850523970756737E-05
      300.000000  9.3999999999999826E+00  1.1251024727965473E-04
      300.000000  9.4999999999999822E+00  7.7959286952594082E-05
      300.000000  9.5999999999999819E+00  5.4744442096647413E-05
      300.000000  9.6999999999999815E+00  5.3903486329491207E-05
      300.000000  9.7999999999999812E+00  8.2305661056773536E-05
      300.000000  9.8999999999999808E+00  1.2267043955855171E-04
      300.000000  9.9999999999999805E+00  1.6572513111207755E-04
      300.000000  1.0099999999999980E+01  1.2396082236738494E-04
      300.000000  1.0199999999999980E+01  1.0704558084848967E-04
      300.000000  1.0299999999999979E+01  7.0479977482401608E-05
      300.000000  1.0399999999999979E+01  1.1133607359455785E-04
      300.000000  1.0499999999999979E+01  1.1763423123393981E-04
      300.000000  1.0599999999999978E+01  1.4657930168188087E-04
      300.000000  1.0699999999999978E+01  9.9978464592356649E-05
      300.000000  1.0799999999999978E+01  1.3675002441891821E-04
      300.000000  1.0899999999999977E+01  1.1913513341140587E-04
      300.000000  1.0999999999999977E+01  1.6248587677061282E-04
      300.000000  1.1099999999999977E+01  1.0001408776210021E-04
      300.000000  1.1199999999999976E+01  1.2335066890525049E-04
      300.000000  1.1299999999999976E+01  1.6599971552891344E-04
      300.000000  1.1399999999999975E+01  1.4896278720108358E-04
      300.000000  1.1499999999999975E+01  1.2603376906560927E-04
      300.000000  1.1599999999999975E+01  1.5845079294307131E-04
      300.000000  1.1699999999999974E+01  1.1939699428888832E-04
      300.000000  1.1799999999999974E+01  1.0517866474758514E-04
      300.000000  1.1899999999999974E+01  1.0903210897741194E-04
      300.000000  1.1999999999999973E+01  1.1210458846129905E-04
      300.000000  1.2099999999999973E+01  1.1488907767636103E-04
      300.000000  1.2199999999999973E+01  9.4570759498767017E-05
      300.000000  1.2299999999999972E+01  8.1366074464867574E-05
      300.000000  1.2399999999999972E+01  7.9799255996820814E-05
      300.000000  1.2499999999999972E+01  1.0867967791906113E-04
      300.000000  1.2599999999999971E+01  7.8595698766119025E-05
      300.000000  1.2699999999999971E+01  8.8868850884968946E-05
      300.000000  1.2799999999999971E+01  8.2072595684653442E-05
      300.000000  1.2899999999999970E+01  8.0922362872381119E-05
      300.000000  1.2999999999999970E+01  7.5680258068709002E-05
      300.000000  1.3099999999999969E+01  7.7944770668451796E-05
      300.000000  1.3199999999999969E+01  5.3991147675783337E-05
      300.000000  1.3299999999999969E+01  5.4233458720452452E-05
      300.000000  1.3399999999999968E+01  4.0501568596501687E-05
      300.000000  1.3499999999999968E+01  8.9576640991485175E-05
      300.000000  1.3599999999999968E+01  5.3658860921786809E-05
      300.000000  1.3699999999999967E+01  6.4151917320725595E-05
      300.000000  1.3799999999999967E+01  5.8708710852122013E-05
      300.000000  1.3899999999999967E+01  4.1637066232651248E-05
      300.000000  1.3999999999999966E+01  4.9342074173220120E-05
      300.000000  1.4099999999999966E+01  4.8801843981562151E-05
      300.000000  1.4199999999999966E+01  3.1562358797407367E-05
      300.000000  1.4299999999999965E+01  4.6949013679818794E-05
      300.000000  1.4399999999999965E+01  3.8826053448802273E-05
      300.000000  1.4499999999999964E+01  4.0864673079629996E-05
      300.000000  1.4599999999999964E+01  1.9878899697940018E-05
      300.000000  1.4699999999999964E+01  3.3916561236981333E-05
      300.000000  1.4799999999999963E+01  6.3042259617411279E-05
      300.000000  1.4899999999999963E+01  1.7328775146422267E-05
      300.000000  1.4999999999999963E+01  4.0134157868748800E-05
      300.000000  1.5099999999999962E+01  1.9657854858083757E-05
      300.000000  1.5199999999999962E+01  1.2040832504219273E-05
      300.000000  1.5299999999999962E+01  4.0932196731567588E-05
      300.000000  1.5399999999999961E+01  1.1861182031011633E-05
      300.000000  1.5499999999999961E+01  1.2013436400201149E-05
      300.000000  1.5599999999999961E+01  1.1071794871794910E-05
      300.000000  1.5699999999999960E+01  3.2303291674001170E-06
      300.000000  1.5799999999999960E+01  1.3392857142857187E-06
      300.000000  1.5899999999999959E+01  0.0000000000000000E+00

