#Time    X  Density
#fs    A   1/A^3
        0.000000 -1.0000000000000000E+19  0.0000000000000000E+00
        0.000000  0.0000000000000000E+00  0.0000000000000000E+00
        0.000000  1.0000000000000000E+19  0.0000000000000000E+00

       50.000000 -1.0000000000000000E+19  0.0000000000000000E+00
       50.000000  0.0000000000000000E+00  0.0000000000000000E+00
       50.000000  1.0000000000000000E+19  3.0229749999997647E-61

      100.000000 -1.0000000000000000E+19  0.0000000000000000E+00
      100.000000  0.0000000000000000E+00  0.0000000000000000E+00
      100.000000  1.0000000000000000E+19  3.2835499999996491E-61

      150.000000 -1.0000000000000000E+19  0.0000000000000000E+00
      150.000000  0.0000000000000000E+00  0.0000000000000000E+00
      150.000000  1.0000000000000000E+19  3.3940999999995998E-61

      200.000000 -1.0000000000000000E+19  0.0000000000000000E+00
      200.000000  0.0000000000000000E+00  0.0000000000000000E+00
      200.000000  1.0000000000000000E+19  3.4528999999995733E-61

      250.000000 -1.0000000000000000E+19  0.0000000000000000E+00
      250.000000  0.0000000000000000E+00  0.0000000000000000E+00
      250.000000  1.0000000000000000E+19  3.4919999999995565E-61

      300.000000 -1.0000000000000000E+19  0.0000000000000000E+00
      300.000000  0.0000000000000000E+00  0.0000000000000000E+00
      300.000000  1.0000000000000000E+19  3.5182499999995445E-61

