#Time    Theta Distribution
#fs    deg 1/deg
        0.000000  0.0000000000000000E+00  0.0000000000000000E+00
        0.000000  1.0000000000000000E+00  0.0000000000000000E+00
        0.000000  2.0000000000000000E+00  0.0000000000000000E+00
        0.000000  3.0000000000000000E+00  0.0000000000000000E+00
        0.000000  4.0000000000000000E+00  0.0000000000000000E+00
        0.000000  5.0000000000000000E+00  0.0000000000000000E+00
        0.000000  6.0000000000000000E+00  0.0000000000000000E+00
        0.000000  7.0000000000000000E+00  0.0000000000000000E+00
        0.000000  8.0000000000000000E+00  0.0000000000000000E+00
        0.000000  9.0000000000000000E+00  0.0000000000000000E+00
        0.000000  1.0000000000000000E+01  0.0000000000000000E+00
        0.000000  1.1000000000000000E+01  0.0000000000000000E+00
        0.000000  1.2000000000000000E+01  0.0000000000000000E+00
        0.000000  1.3000000000000000E+01  0.0000000000000000E+00
        0.000000  1.4000000000000000E+01  0.0000000000000000E+00
        0.000000  1.5000000000000000E+01  0.0000000000000000E+00
        0.000000  1.6000000000000000E+01  0.0000000000000000E+00
        0.000000  1.7000000000000000E+01  0.0000000000000000E+00
        0.000000  1.8000000000000000E+01  0.0000000000000000E+00
        0.000000  1.9000000000000000E+01  0.0000000000000000E+00
        0.000000  2.0000000000000000E+01  0.0000000000000000E+00
        0.000000  2.1000000000000000E+01  0.0000000000000000E+00
        0.000000  2.2000000000000000E+01  0.0000000000000000E+00
        0.000000  2.3000000000000000E+01  0.0000000000000000E+00
        0.000000  2.4000000000000000E+01  0.0000000000000000E+00
        0.000000  2.5000000000000000E+01  0.0000000000000000E+00
        0.000000  2.6000000000000000E+01  0.0000000000000000E+00
        0.000000  2.7000000000000000E+01  0.0000000000000000E+00
        0.000000  2.8000000000000000E+01  0.0000000000000000E+00
        0.000000  2.9000000000000000E+01  0.0000000000000000E+00
        0.000000  3.0000000000000000E+01  0.0000000000000000E+00
        0.000000  3.1000000000000000E+01  0.0000000000000000E+00
        0.000000  3.2000000000000000E+01  0.0000000000000000E+00
        0.000000  3.3000000000000000E+01  0.0000000000000000E+00
        0.000000  3.4000000000000000E+01  0.0000000000000000E+00
        0.000000  3.5000000000000000E+01  0.0000000000000000E+00
        0.000000  3.6000000000000000E+01  0.0000000000000000E+00
        0.000000  3.7000000000000000E+01  0.0000000000000000E+00
        0.000000  3.8000000000000000E+01  0.0000000000000000E+00
        0.000000  3.9000000000000000E+01  0.0000000000000000E+00
        0.000000  4.0000000000000000E+01  0.0000000000000000E+00
        0.000000  4.1000000000000000E+01  0.0000000000000000E+00
        0.000000  4.2000000000000000E+01  0.0000000000000000E+00
        0.000000  4.3000000000000000E+01  0.0000000000000000E+00
        0.000000  4.4000000000000000E+01  0.0000000000000000E+00
        0.000000  4.5000000000000000E+01  0.0000000000000000E+00
        0.000000  4.6000000000000000E+01  0.0000000000000000E+00
        0.000000  4.7000000000000000E+01  0.0000000000000000E+00
        0.000000  4.8000000000000000E+01  0.0000000000000000E+00
        0.000000  4.9000000000000000E+01  0.0000000000000000E+00
        0.000000  5.0000000000000000E+01  0.0000000000000000E+00
        0.000000  5.1000000000000000E+01  0.0000000000000000E+00
        0.000000  5.2000000000000000E+01  0.0000000000000000E+00
        0.000000  5.3000000000000000E+01  0.0000000000000000E+00
        0.000000  5.4000000000000000E+01  0.0000000000000000E+00
        0.000000  5.5000000000000000E+01  0.0000000000000000E+00
        0.000000  5.6000000000000000E+01  0.0000000000000000E+00
        0.000000  5.7000000000000000E+01  0.0000000000000000E+00
        0.000000  5.8000000000000000E+01  0.0000000000000000E+00
        0.000000  5.9000000000000000E+01  0.0000000000000000E+00
        0.000000  6.0000000000000000E+01  0.0000000000000000E+00
        0.000000  6.1000000000000000E+01  0.0000000000000000E+00
        0.000000  6.2000000000000000E+01  0.0000000000000000E+00
        0.000000  6.3000000000000000E+01  0.0000000000000000E+00
        0.000000  6.4000000000000000E+01  0.0000000000000000E+00
        0.000000  6.5000000000000000E+01  0.0000000000000000E+00
        0.000000  6.6000000000000000E+01  0.0000000000000000E+00
        0.000000  6.7000000000000000E+01  0.0000000000000000E+00
        0.000000  6.8000000000000000E+01  0.0000000000000000E+00
        0.000000  6.9000000000000000E+01  0.0000000000000000E+00
        0.000000  7.0000000000000000E+01  0.0000000000000000E+00
        0.000000  7.1000000000000000E+01  0.0000000000000000E+00
        0.000000  7.2000000000000000E+01  0.0000000000000000E+00
        0.000000  7.3000000000000000E+01  0.0000000000000000E+00
        0.000000  7.4000000000000000E+01  0.0000000000000000E+00
        0.000000  7.5000000000000000E+01  0.0000000000000000E+00
        0.000000  7.6000000000000000E+01  0.0000000000000000E+00
        0.000000  7.7000000000000000E+01  0.0000000000000000E+00
        0.000000  7.8000000000000000E+01  0.0000000000000000E+00
        0.000000  7.9000000000000000E+01  0.0000000000000000E+00
        0.000000  8.0000000000000000E+01  0.0000000000000000E+00
        0.000000  8.1000000000000000E+01  0.0000000000000000E+00
        0.000000  8.2000000000000000E+01  0.0000000000000000E+00
        0.000000  8.3000000000000000E+01  0.0000000000000000E+00
        0.000000  8.4000000000000000E+01  0.0000000000000000E+00
        0.000000  8.5000000000000000E+01  0.0000000000000000E+00
        0.000000  8.6000000000000000E+01  0.0000000000000000E+00
        0.000000  8.7000000000000000E+01  0.0000000000000000E+00
        0.000000  8.8000000000000000E+01  0.0000000000000000E+00
        0.000000  8.9000000000000000E+01  0.0000000000000000E+00
        0.000000  9.0000000000000000E+01  0.0000000000000000E+00
        0.000000  9.1000000000000000E+01  0.0000000000000000E+00
        0.000000  9.2000000000000000E+01  0.0000000000000000E+00
        0.000000  9.3000000000000000E+01  0.0000000000000000E+00
        0.000000  9.4000000000000000E+01  0.0000000000000000E+00
        0.000000  9.5000000000000000E+01  0.0000000000000000E+00
        0.000000  9.6000000000000000E+01  0.0000000000000000E+00
        0.000000  9.7000000000000000E+01  0.0000000000000000E+00
        0.000000  9.8000000000000000E+01  0.0000000000000000E+00
        0.000000  9.9000000000000000E+01  0.0000000000000000E+00
        0.000000  1.0000000000000000E+02  0.0000000000000000E+00
        0.000000  1.0100000000000000E+02  0.0000000000000000E+00
        0.000000  1.0200000000000000E+02  0.0000000000000000E+00
        0.000000  1.0300000000000000E+02  0.0000000000000000E+00
        0.000000  1.0400000000000000E+02  0.0000000000000000E+00
        0.000000  1.0500000000000000E+02  0.0000000000000000E+00
        0.000000  1.0600000000000000E+02  0.0000000000000000E+00
        0.000000  1.0700000000000000E+02  0.0000000000000000E+00
        0.000000  1.0800000000000000E+02  0.0000000000000000E+00
        0.000000  1.0900000000000000E+02  0.0000000000000000E+00
        0.000000  1.1000000000000000E+02  0.0000000000000000E+00
        0.000000  1.1100000000000000E+02  0.0000000000000000E+00
        0.000000  1.1200000000000000E+02  0.0000000000000000E+00
        0.000000  1.1300000000000000E+02  0.0000000000000000E+00
        0.000000  1.1400000000000000E+02  0.0000000000000000E+00
        0.000000  1.1500000000000000E+02  0.0000000000000000E+00
        0.000000  1.1600000000000000E+02  0.0000000000000000E+00
        0.000000  1.1700000000000000E+02  0.0000000000000000E+00
        0.000000  1.1800000000000000E+02  0.0000000000000000E+00
        0.000000  1.1900000000000000E+02  0.0000000000000000E+00
        0.000000  1.2000000000000000E+02  0.0000000000000000E+00
        0.000000  1.2100000000000000E+02  0.0000000000000000E+00
        0.000000  1.2200000000000000E+02  0.0000000000000000E+00
        0.000000  1.2300000000000000E+02  0.0000000000000000E+00
        0.000000  1.2400000000000000E+02  0.0000000000000000E+00
        0.000000  1.2500000000000000E+02  0.0000000000000000E+00
        0.000000  1.2600000000000000E+02  0.0000000000000000E+00
        0.000000  1.2700000000000000E+02  0.0000000000000000E+00
        0.000000  1.2800000000000000E+02  0.0000000000000000E+00
        0.000000  1.2900000000000000E+02  0.0000000000000000E+00
        0.000000  1.3000000000000000E+02  0.0000000000000000E+00
        0.000000  1.3100000000000000E+02  0.0000000000000000E+00
        0.000000  1.3200000000000000E+02  0.0000000000000000E+00
        0.000000  1.3300000000000000E+02  0.0000000000000000E+00
        0.000000  1.3400000000000000E+02  0.0000000000000000E+00
        0.000000  1.3500000000000000E+02  0.0000000000000000E+00
        0.000000  1.3600000000000000E+02  0.0000000000000000E+00
        0.000000  1.3700000000000000E+02  0.0000000000000000E+00
        0.000000  1.3800000000000000E+02  0.0000000000000000E+00
        0.000000  1.3900000000000000E+02  0.0000000000000000E+00
        0.000000  1.4000000000000000E+02  0.0000000000000000E+00
        0.000000  1.4100000000000000E+02  0.0000000000000000E+00
        0.000000  1.4200000000000000E+02  0.0000000000000000E+00
        0.000000  1.4300000000000000E+02  0.0000000000000000E+00
        0.000000  1.4400000000000000E+02  0.0000000000000000E+00
        0.000000  1.4500000000000000E+02  0.0000000000000000E+00
        0.000000  1.4600000000000000E+02  0.0000000000000000E+00
        0.000000  1.4700000000000000E+02  0.0000000000000000E+00
        0.000000  1.4800000000000000E+02  0.0000000000000000E+00
        0.000000  1.4900000000000000E+02  0.0000000000000000E+00
        0.000000  1.5000000000000000E+02  0.0000000000000000E+00
        0.000000  1.5100000000000000E+02  0.0000000000000000E+00
        0.000000  1.5200000000000000E+02  0.0000000000000000E+00
        0.000000  1.5300000000000000E+02  0.0000000000000000E+00
        0.000000  1.5400000000000000E+02  0.0000000000000000E+00
        0.000000  1.5500000000000000E+02  0.0000000000000000E+00
        0.000000  1.5600000000000000E+02  0.0000000000000000E+00
        0.000000  1.5700000000000000E+02  0.0000000000000000E+00
        0.000000  1.5800000000000000E+02  0.0000000000000000E+00
        0.000000  1.5900000000000000E+02  0.0000000000000000E+00
        0.000000  1.6000000000000000E+02  0.0000000000000000E+00
        0.000000  1.6100000000000000E+02  0.0000000000000000E+00
        0.000000  1.6200000000000000E+02  0.0000000000000000E+00
        0.000000  1.6300000000000000E+02  0.0000000000000000E+00
        0.000000  1.6400000000000000E+02  0.0000000000000000E+00
        0.000000  1.6500000000000000E+02  0.0000000000000000E+00
        0.000000  1.6600000000000000E+02  0.0000000000000000E+00
        0.000000  1.6700000000000000E+02  0.0000000000000000E+00
        0.000000  1.6800000000000000E+02  0.0000000000000000E+00
        0.000000  1.6900000000000000E+02  0.0000000000000000E+00
        0.000000  1.7000000000000000E+02  0.0000000000000000E+00
        0.000000  1.7100000000000000E+02  0.0000000000000000E+00
        0.000000  1.7200000000000000E+02  0.0000000000000000E+00
        0.000000  1.7300000000000000E+02  0.0000000000000000E+00
        0.000000  1.7400000000000000E+02  0.0000000000000000E+00
        0.000000  1.7500000000000000E+02  0.0000000000000000E+00
        0.000000  1.7600000000000000E+02  0.0000000000000000E+00
        0.000000  1.7700000000000000E+02  0.0000000000000000E+00
        0.000000  1.7800000000000000E+02  0.0000000000000000E+00
        0.000000  1.7900000000000000E+02  0.0000000000000000E+00
        0.000000  1.8000000000000000E+02  0.0000000000000000E+00

       50.000000  0.0000000000000000E+00  0.0000000000000000E+00
       50.000000  1.0000000000000000E+00  7.3075303440874040E-02
       50.000000  2.0000000000000000E+00  9.5371470144084045E-04
       50.000000  3.0000000000000000E+00  1.6742838555758738E-03
       50.000000  4.0000000000000000E+00  9.7674353295973621E-04
       50.000000  5.0000000000000000E+00  1.0383120264572012E-03
       50.000000  6.0000000000000000E+00  1.2871539739314349E-03
       50.000000  7.0000000000000000E+00  1.1809303935396624E-03
       50.000000  8.0000000000000000E+00  1.2712395951761590E-03
       50.000000  9.0000000000000000E+00  1.3057644992942896E-03
       50.000000  1.0000000000000000E+01  1.1042337117788095E-03
       50.000000  1.1000000000000000E+01  8.7166524697232246E-04
       50.000000  1.2000000000000000E+01  1.1060033175495268E-03
       50.000000  1.3000000000000000E+01  1.1991697234619804E-03
       50.000000  1.4000000000000000E+01  1.1503241033204209E-03
       50.000000  1.5000000000000000E+01  1.2685246269423674E-03
       50.000000  1.6000000000000000E+01  1.2519330754457319E-03
       50.000000  1.7000000000000000E+01  1.0859666973822618E-03
       50.000000  1.8000000000000000E+01  9.7112113655321332E-04
       50.000000  1.9000000000000000E+01  1.1667180451010283E-03
       50.000000  2.0000000000000000E+01  1.1459395171574693E-03
       50.000000  2.1000000000000000E+01  1.0124498643281287E-03
       50.000000  2.2000000000000000E+01  9.1628431385145021E-04
       50.000000  2.3000000000000000E+01  1.0419305857715436E-03
       50.000000  2.4000000000000000E+01  1.0152383863555703E-03
       50.000000  2.5000000000000000E+01  9.1340801581824319E-04
       50.000000  2.6000000000000000E+01  1.1231821996362649E-03
       50.000000  2.7000000000000000E+01  9.0187077555437011E-04
       50.000000  2.8000000000000000E+01  7.8783291377647758E-04
       50.000000  2.9000000000000000E+01  1.0348045232413043E-03
       50.000000  3.0000000000000000E+01  9.4676971716636034E-04
       50.000000  3.1000000000000000E+01  8.5581468708406194E-04
       50.000000  3.2000000000000000E+01  9.0471171684586467E-04
       50.000000  3.3000000000000000E+01  7.4253583634359204E-04
       50.000000  3.4000000000000000E+01  7.7599278509102808E-04
       50.000000  3.5000000000000000E+01  7.7460124424885940E-04
       50.000000  3.6000000000000000E+01  8.1427094391950806E-04
       50.000000  3.7000000000000000E+01  7.6168114064690661E-04
       50.000000  3.8000000000000000E+01  7.1815873953105130E-04
       50.000000  3.9000000000000000E+01  7.8250496710312951E-04
       50.000000  4.0000000000000000E+01  6.4156272075134417E-04
       50.000000  4.1000000000000000E+01  6.9955944589933968E-04
       50.000000  4.2000000000000000E+01  6.3555753769514007E-04
       50.000000  4.3000000000000000E+01  6.7020376782831370E-04
       50.000000  4.4000000000000000E+01  6.9582038481550280E-04
       50.000000  4.5000000000000000E+01  6.3499840761994106E-04
       50.000000  4.6000000000000000E+01  6.5989728298804760E-04
       50.000000  4.7000000000000000E+01  6.2738817194109146E-04
       50.000000  4.8000000000000000E+01  6.1612176000543453E-04
       50.000000  4.9000000000000000E+01  4.9160158154699853E-04
       50.000000  5.0000000000000000E+01  5.8631564242635876E-04
       50.000000  5.1000000000000000E+01  4.6450336701454002E-04
       50.000000  5.2000000000000000E+01  4.8621343371085888E-04
       50.000000  5.3000000000000000E+01  5.2605911054032423E-04
       50.000000  5.4000000000000000E+01  4.9675177780754832E-04
       50.000000  5.5000000000000000E+01  4.8429406816630465E-04
       50.000000  5.6000000000000000E+01  3.8265148225063029E-04
       50.000000  5.7000000000000000E+01  4.5505007465829965E-04
       50.000000  5.8000000000000000E+01  3.1422792891210553E-04
       50.000000  5.9000000000000000E+01  3.9020237588757327E-04
       50.000000  6.0000000000000000E+01  3.7607270915372015E-04
       50.000000  6.1000000000000000E+01  3.5867204952500984E-04
       50.000000  6.2000000000000000E+01  3.4962848326819764E-04
       50.000000  6.3000000000000000E+01  3.7025475856565000E-04
       50.000000  6.4000000000000000E+01  3.5114143798598517E-04
       50.000000  6.5000000000000000E+01  3.2072057568177708E-04
       50.000000  6.6000000000000000E+01  3.1831326959706388E-04
       50.000000  6.7000000000000000E+01  3.6539462626788765E-04
       50.000000  6.8000000000000000E+01  2.9496551722829817E-04
       50.000000  6.9000000000000000E+01  2.5992384777184980E-04
       50.000000  7.0000000000000000E+01  3.1678603280328428E-04
       50.000000  7.1000000000000000E+01  2.6109575046572204E-04
       50.000000  7.2000000000000000E+01  2.4821110236682452E-04
       50.000000  7.3000000000000000E+01  2.9951619607145990E-04
       50.000000  7.4000000000000000E+01  3.0647177618349931E-04
       50.000000  7.5000000000000000E+01  2.7116563095826380E-04
       50.000000  7.6000000000000000E+01  2.8001346089828906E-04
       50.000000  7.7000000000000000E+01  2.7582394752751881E-04
       50.000000  7.8000000000000000E+01  2.2716962554207153E-04
       50.000000  7.9000000000000000E+01  2.2950152146198043E-04
       50.000000  8.0000000000000000E+01  2.3330387597863061E-04
       50.000000  8.1000000000000000E+01  1.9473570429213492E-04
       50.000000  8.2000000000000000E+01  2.5099446374926099E-04
       50.000000  8.3000000000000000E+01  2.3210639527731038E-04
       50.000000  8.4000000000000000E+01  2.1806613758530320E-04
       50.000000  8.5000000000000000E+01  2.4141095033441959E-04
       50.000000  8.6000000000000000E+01  2.1497356598569188E-04
       50.000000  8.7000000000000000E+01  2.3034989028231873E-04
       50.000000  8.8000000000000000E+01  2.3537832739386699E-04
       50.000000  8.9000000000000000E+01  2.3018216064294410E-04
       50.000000  9.0000000000000000E+01  2.4600157990281888E-04
       50.000000  9.1000000000000000E+01  2.3538717406964077E-04
       50.000000  9.2000000000000000E+01  2.5307859191354011E-04
       50.000000  9.3000000000000000E+01  2.6108613204066519E-04
       50.000000  9.4000000000000000E+01  2.3614502901753558E-04
       50.000000  9.5000000000000000E+01  3.0445654743724949E-04
       50.000000  9.6000000000000000E+01  2.3725578502484026E-04
       50.000000  9.7000000000000000E+01  2.2415593081357183E-04
       50.000000  9.8000000000000000E+01  2.5487629130688954E-04
       50.000000  9.9000000000000000E+01  2.5110748009420900E-04
       50.000000  1.0000000000000000E+02  2.4879048245609551E-04
       50.000000  1.0100000000000000E+02  2.1368771106881183E-04
       50.000000  1.0200000000000000E+02  2.6639474850960476E-04
       50.000000  1.0300000000000000E+02  2.4671446448128371E-04
       50.000000  1.0400000000000000E+02  2.3393222604922614E-04
       50.000000  1.0500000000000000E+02  2.9446756113114716E-04
       50.000000  1.0600000000000000E+02  2.8469477375607397E-04
       50.000000  1.0700000000000000E+02  2.6615587987959417E-04
       50.000000  1.0800000000000000E+02  2.7932191006325849E-04
       50.000000  1.0900000000000000E+02  3.2426355886058095E-04
       50.000000  1.1000000000000000E+02  2.9543598965130771E-04
       50.000000  1.1100000000000000E+02  3.2049893373563575E-04
       50.000000  1.1200000000000000E+02  2.4932718539741479E-04
       50.000000  1.1300000000000000E+02  2.8632764434053255E-04
       50.000000  1.1400000000000000E+02  3.0961986481781335E-04
       50.000000  1.1500000000000000E+02  2.8241939060495952E-04
       50.000000  1.1600000000000000E+02  2.7698911898810594E-04
       50.000000  1.1700000000000000E+02  3.3685947103076453E-04
       50.000000  1.1800000000000000E+02  3.9882252256754003E-04
       50.000000  1.1900000000000000E+02  3.7080376153526086E-04
       50.000000  1.2000000000000000E+02  3.0609469640283961E-04
       50.000000  1.2100000000000000E+02  3.5539063411725515E-04
       50.000000  1.2200000000000000E+02  3.2330079326636319E-04
       50.000000  1.2300000000000000E+02  3.8650234818128984E-04
       50.000000  1.2400000000000000E+02  4.6601049392279946E-04
       50.000000  1.2500000000000000E+02  4.1107418616955432E-04
       50.000000  1.2600000000000000E+02  4.0962679302556851E-04
       50.000000  1.2700000000000000E+02  4.2752265917331983E-04
       50.000000  1.2800000000000000E+02  4.4497854334852178E-04
       50.000000  1.2900000000000000E+02  4.9228218901547170E-04
       50.000000  1.3000000000000000E+02  5.3945712271320518E-04
       50.000000  1.3100000000000000E+02  4.5217541511997277E-04
       50.000000  1.3200000000000000E+02  5.4108767295402724E-04
       50.000000  1.3300000000000000E+02  5.4995647540146016E-04
       50.000000  1.3400000000000000E+02  6.0704580643351487E-04
       50.000000  1.3500000000000000E+02  5.9976430663851690E-04
       50.000000  1.3600000000000000E+02  6.5212165843120428E-04
       50.000000  1.3700000000000000E+02  6.5699217681667872E-04
       50.000000  1.3800000000000000E+02  5.8905029678766154E-04
       50.000000  1.3900000000000000E+02  6.8819498664339062E-04
       50.000000  1.4000000000000000E+02  6.5863751278251947E-04
       50.000000  1.4100000000000000E+02  7.2936170907008323E-04
       50.000000  1.4200000000000000E+02  6.5653454274698056E-04
       50.000000  1.4300000000000000E+02  6.5764208697744212E-04
       50.000000  1.4400000000000000E+02  7.5426436214528852E-04
       50.000000  1.4500000000000000E+02  8.6735084650312500E-04
       50.000000  1.4600000000000000E+02  7.4289997926122939E-04
       50.000000  1.4700000000000000E+02  8.7623075578122545E-04
       50.000000  1.4800000000000000E+02  1.0514646057555412E-03
       50.000000  1.4900000000000000E+02  8.2040976766844522E-04
       50.000000  1.5000000000000000E+02  8.0137202117264346E-04
       50.000000  1.5100000000000000E+02  8.4640031497456203E-04
       50.000000  1.5200000000000000E+02  9.1168524854291972E-04
       50.000000  1.5300000000000000E+02  9.4474351067463643E-04
       50.000000  1.5400000000000000E+02  8.7011770065185707E-04
       50.000000  1.5500000000000000E+02  9.3455404911456461E-04
       50.000000  1.5600000000000000E+02  8.5033979564407686E-04
       50.000000  1.5700000000000000E+02  8.4696504409667594E-04
       50.000000  1.5800000000000000E+02  8.5204267004293402E-04
       50.000000  1.5900000000000000E+02  1.1100998429570495E-03
       50.000000  1.6000000000000000E+02  1.0121848997834851E-03
       50.000000  1.6100000000000000E+02  9.0581413996769196E-04
       50.000000  1.6200000000000000E+02  9.3287056303115548E-04
       50.000000  1.6300000000000000E+02  9.8278775430320209E-04
       50.000000  1.6400000000000000E+02  1.1040407683514249E-03
       50.000000  1.6500000000000000E+02  1.2318487519043910E-03
       50.000000  1.6600000000000000E+02  1.1016006561483823E-03
       50.000000  1.6700000000000000E+02  8.6695748845138807E-04
       50.000000  1.6800000000000000E+02  1.1735040880802917E-03
       50.000000  1.6900000000000000E+02  1.0140772367621999E-03
       50.000000  1.7000000000000000E+02  1.1030001456683602E-03
       50.000000  1.7100000000000000E+02  1.4462384298482547E-03
       50.000000  1.7200000000000000E+02  1.2929739236259611E-03
       50.000000  1.7300000000000000E+02  1.1363551653340344E-03
       50.000000  1.7400000000000000E+02  1.1495694568027777E-03
       50.000000  1.7500000000000000E+02  1.3457368273000327E-03
       50.000000  1.7600000000000000E+02  1.2290950528603595E-03
       50.000000  1.7700000000000000E+02  1.2782874641287362E-03
       50.000000  1.7800000000000000E+02  6.6897294118419806E-04
       50.000000  1.7900000000000000E+02  1.1131358592336362E-03
       50.000000  1.8000000000000000E+02  2.5652666724403331E-03

      100.000000  0.0000000000000000E+00  0.0000000000000000E+00
      100.000000  1.0000000000000000E+00  7.3328671838345058E-02
      100.000000  2.0000000000000000E+00  9.3911300562382507E-04
      100.000000  3.0000000000000000E+00  1.3546479439870537E-03
      100.000000  4.0000000000000000E+00  8.2126941575105014E-04
      100.000000  5.0000000000000000E+00  1.0164911961178377E-03
      100.000000  6.0000000000000000E+00  1.0899831506005289E-03
      100.000000  7.0000000000000000E+00  9.8621991386142749E-04
      100.000000  8.0000000000000000E+00  1.0922263586151631E-03
      100.000000  9.0000000000000000E+00  1.0377877429249512E-03
      100.000000  1.0000000000000000E+01  9.8830560456712453E-04
      100.000000  1.1000000000000000E+01  7.1745557357007000E-04
      100.000000  1.2000000000000000E+01  9.7701345695262818E-04
      100.000000  1.3000000000000000E+01  9.6517309207810344E-04
      100.000000  1.4000000000000000E+01  1.0274828435345989E-03
      100.000000  1.5000000000000000E+01  1.0792135873916135E-03
      100.000000  1.6000000000000000E+01  1.0753045383793871E-03
      100.000000  1.7000000000000000E+01  8.7674738643605990E-04
      100.000000  1.8000000000000000E+01  7.3562920025883600E-04
      100.000000  1.9000000000000000E+01  9.9675731285796807E-04
      100.000000  2.0000000000000000E+01  9.6561022115057582E-04
      100.000000  2.1000000000000000E+01  8.4023407887470075E-04
      100.000000  2.2000000000000000E+01  7.6549187505309832E-04
      100.000000  2.3000000000000000E+01  9.5197852824507932E-04
      100.000000  2.4000000000000000E+01  8.5150060712002173E-04
      100.000000  2.5000000000000000E+01  7.5163346280980050E-04
      100.000000  2.6000000000000000E+01  9.8952050043692348E-04
      100.000000  2.7000000000000000E+01  7.4057245882949414E-04
      100.000000  2.8000000000000000E+01  6.7842805537188732E-04
      100.000000  2.9000000000000000E+01  9.0518863262848206E-04
      100.000000  3.0000000000000000E+01  8.1241067154624966E-04
      100.000000  3.1000000000000000E+01  7.0050162699984524E-04
      100.000000  3.2000000000000000E+01  7.8446220173303369E-04
      100.000000  3.3000000000000000E+01  6.2741974636017185E-04
      100.000000  3.4000000000000000E+01  6.6720369390540764E-04
      100.000000  3.5000000000000000E+01  6.3297871918802302E-04
      100.000000  3.6000000000000000E+01  7.0635981113702380E-04
      100.000000  3.7000000000000000E+01  6.4921568897810240E-04
      100.000000  3.8000000000000000E+01  6.0824577624333273E-04
      100.000000  3.9000000000000000E+01  6.6753858250108444E-04
      100.000000  4.0000000000000000E+01  5.2988718883780687E-04
      100.000000  4.1000000000000000E+01  5.7319419173788334E-04
      100.000000  4.2000000000000000E+01  5.0674487777739314E-04
      100.000000  4.3000000000000000E+01  5.4312559680529116E-04
      100.000000  4.4000000000000000E+01  5.7034249156555708E-04
      100.000000  4.5000000000000000E+01  5.3088505861834318E-04
      100.000000  4.6000000000000000E+01  5.4941607586240810E-04
      100.000000  4.7000000000000000E+01  5.0326667872089051E-04
      100.000000  4.8000000000000000E+01  4.8737967621350443E-04
      100.000000  4.9000000000000000E+01  3.7897971565019811E-04
      100.000000  5.0000000000000000E+01  4.8055896841033685E-04
      100.000000  5.1000000000000000E+01  3.3733355311693159E-04
      100.000000  5.2000000000000000E+01  4.2432952888200463E-04
      100.000000  5.3000000000000000E+01  4.1935108719250180E-04
      100.000000  5.4000000000000000E+01  4.3994598148411232E-04
      100.000000  5.5000000000000000E+01  4.0060307066885247E-04
      100.000000  5.6000000000000000E+01  3.0059662713782830E-04
      100.000000  5.7000000000000000E+01  3.7740461891570896E-04
      100.000000  5.8000000000000000E+01  2.4490468476197748E-04
      100.000000  5.9000000000000000E+01  3.1600553810657775E-04
      100.000000  6.0000000000000000E+01  2.7001565700134577E-04
      100.000000  6.1000000000000000E+01  2.7379851560661124E-04
      100.000000  6.2000000000000000E+01  2.4479549820023504E-04
      100.000000  6.3000000000000000E+01  2.7834393603641197E-04
      100.000000  6.4000000000000000E+01  2.5527977885945845E-04
      100.000000  6.5000000000000000E+01  2.3975472128710210E-04
      100.000000  6.6000000000000000E+01  2.4370105648784151E-04
      100.000000  6.7000000000000000E+01  2.6749116102295025E-04
      100.000000  6.8000000000000000E+01  1.9636661618703045E-04
      100.000000  6.9000000000000000E+01  1.8203859356400785E-04
      100.000000  7.0000000000000000E+01  2.0494776651386925E-04
      100.000000  7.1000000000000000E+01  1.8398516964143727E-04
      100.000000  7.2000000000000000E+01  1.8344016392377998E-04
      100.000000  7.3000000000000000E+01  2.2516316975042171E-04
      100.000000  7.4000000000000000E+01  2.0538979115466256E-04
      100.000000  7.5000000000000000E+01  2.0247945695271716E-04
      100.000000  7.6000000000000000E+01  1.9469779578873335E-04
      100.000000  7.7000000000000000E+01  1.9406988000501144E-04
      100.000000  7.8000000000000000E+01  1.6628968652860758E-04
      100.000000  7.9000000000000000E+01  1.6204119071354747E-04
      100.000000  8.0000000000000000E+01  1.4912341891058450E-04
      100.000000  8.1000000000000000E+01  1.6292093122398518E-04
      100.000000  8.2000000000000000E+01  1.2996036243253221E-04
      100.000000  8.3000000000000000E+01  1.5377205306997598E-04
      100.000000  8.4000000000000000E+01  1.4058444581691287E-04
      100.000000  8.5000000000000000E+01  1.5740709437298984E-04
      100.000000  8.6000000000000000E+01  1.6355666358904396E-04
      100.000000  8.7000000000000000E+01  1.4082704744176262E-04
      100.000000  8.8000000000000000E+01  1.5630351833718204E-04
      100.000000  8.9000000000000000E+01  1.4443466040432707E-04
      100.000000  9.0000000000000000E+01  1.7025203787972599E-04
      100.000000  9.1000000000000000E+01  1.5669851297382028E-04
      100.000000  9.2000000000000000E+01  1.5361814577425698E-04
      100.000000  9.3000000000000000E+01  1.3639662930921200E-04
      100.000000  9.4000000000000000E+01  1.5489319339021961E-04
      100.000000  9.5000000000000000E+01  1.4163956355541202E-04
      100.000000  9.6000000000000000E+01  1.4598266526239735E-04
      100.000000  9.7000000000000000E+01  1.7780274164718238E-04
      100.000000  9.8000000000000000E+01  1.4557150559878882E-04
      100.000000  9.9000000000000000E+01  1.4718193361914708E-04
      100.000000  1.0000000000000000E+02  1.4249822791441471E-04
      100.000000  1.0100000000000000E+02  1.3982570562228144E-04
      100.000000  1.0200000000000000E+02  1.6023440940149454E-04
      100.000000  1.0300000000000000E+02  1.7560039645966031E-04
      100.000000  1.0400000000000000E+02  1.4806782891621341E-04
      100.000000  1.0500000000000000E+02  1.8667715354358879E-04
      100.000000  1.0600000000000000E+02  2.2086087239785128E-04
      100.000000  1.0700000000000000E+02  2.0055333424772980E-04
      100.000000  1.0800000000000000E+02  2.0430330007702237E-04
      100.000000  1.0900000000000000E+02  2.3629318787627760E-04
      100.000000  1.1000000000000000E+02  2.0693240268775004E-04
      100.000000  1.1100000000000000E+02  2.9800497826523134E-04
      100.000000  1.1200000000000000E+02  1.5272579240136125E-04
      100.000000  1.1300000000000000E+02  1.9213220348739224E-04
      100.000000  1.1400000000000000E+02  2.2960594152724283E-04
      100.000000  1.1500000000000000E+02  2.3439033830124445E-04
      100.000000  1.1600000000000000E+02  2.0495266899291122E-04
      100.000000  1.1700000000000000E+02  2.1828748250883939E-04
      100.000000  1.1800000000000000E+02  2.9339579232006622E-04
      100.000000  1.1900000000000000E+02  2.8331266982920943E-04
      100.000000  1.2000000000000000E+02  2.1890257201042821E-04
      100.000000  1.2100000000000000E+02  2.6609538851018604E-04
      100.000000  1.2200000000000000E+02  2.0613111379600628E-04
      100.000000  1.2300000000000000E+02  2.6088897183520067E-04
      100.000000  1.2400000000000000E+02  3.7767934779493891E-04
      100.000000  1.2500000000000000E+02  3.2344990553678955E-04
      100.000000  1.2600000000000000E+02  3.0807431680912492E-04
      100.000000  1.2700000000000000E+02  3.2750801623360654E-04
      100.000000  1.2800000000000000E+02  3.4887467841021060E-04
      100.000000  1.2900000000000000E+02  4.2095077441212380E-04
      100.000000  1.3000000000000000E+02  4.7915209200926679E-04
      100.000000  1.3100000000000000E+02  3.4828763062061521E-04
      100.000000  1.3200000000000000E+02  4.2459835190437217E-04
      100.000000  1.3300000000000000E+02  4.4018762599749454E-04
      100.000000  1.3400000000000000E+02  4.7735832316715628E-04
      100.000000  1.3500000000000000E+02  4.8739968128747718E-04
      100.000000  1.3600000000000000E+02  5.7772926883694004E-04
      100.000000  1.3700000000000000E+02  5.4300925403738163E-04
      100.000000  1.3800000000000000E+02  4.8649383593410731E-04
      100.000000  1.3900000000000000E+02  5.2731517025882916E-04
      100.000000  1.4000000000000000E+02  5.4926494238035284E-04
      100.000000  1.4100000000000000E+02  5.8247027119799090E-04
      100.000000  1.4200000000000000E+02  5.4897399518139814E-04
      100.000000  1.4300000000000000E+02  5.6502616634113146E-04
      100.000000  1.4400000000000000E+02  5.9828775514326798E-04
      100.000000  1.4500000000000000E+02  7.5109506326583898E-04
      100.000000  1.4600000000000000E+02  6.6452154801566676E-04
      100.000000  1.4700000000000000E+02  7.5949023418484744E-04
      100.000000  1.4800000000000000E+02  8.8321852076601219E-04
      100.000000  1.4900000000000000E+02  7.3108361434518073E-04
      100.000000  1.5000000000000000E+02  6.7748240795255886E-04
      100.000000  1.5100000000000000E+02  7.1981216270025530E-04
      100.000000  1.5200000000000000E+02  7.6093348732128650E-04
      100.000000  1.5300000000000000E+02  8.0136911945039035E-04
      100.000000  1.5400000000000000E+02  7.7465443390214972E-04
      100.000000  1.5500000000000000E+02  8.1499794117617240E-04
      100.000000  1.5600000000000000E+02  7.1060741531752531E-04
      100.000000  1.5700000000000000E+02  7.0233683526977643E-04
      100.000000  1.5800000000000000E+02  7.2234222772931691E-04
      100.000000  1.5900000000000000E+02  9.8698097854029452E-04
      100.000000  1.6000000000000000E+02  8.4400494552137699E-04
      100.000000  1.6100000000000000E+02  7.2897205483653921E-04
      100.000000  1.6200000000000000E+02  8.2269789723979098E-04
      100.000000  1.6300000000000000E+02  7.8946821020323761E-04
      100.000000  1.6400000000000000E+02  9.2909598194466827E-04
      100.000000  1.6500000000000000E+02  1.0709587734384102E-03
      100.000000  1.6600000000000000E+02  9.8929690496011311E-04
      100.000000  1.6700000000000000E+02  7.6385430392123021E-04
      100.000000  1.6800000000000000E+02  9.7255217072927968E-04
      100.000000  1.6900000000000000E+02  9.3480863033971919E-04
      100.000000  1.7000000000000000E+02  9.2222976423156345E-04
      100.000000  1.7100000000000000E+02  1.3188811351364498E-03
      100.000000  1.7200000000000000E+02  1.1046093740051323E-03
      100.000000  1.7300000000000000E+02  9.2969089063856512E-04
      100.000000  1.7400000000000000E+02  9.1496190281000768E-04
      100.000000  1.7500000000000000E+02  1.1663749842383995E-03
      100.000000  1.7600000000000000E+02  1.0801824515893547E-03
      100.000000  1.7700000000000000E+02  9.8309400036272559E-04
      100.000000  1.7800000000000000E+02  6.2223005736032838E-04
      100.000000  1.7900000000000000E+02  9.0952284893066010E-04
      100.000000  1.8000000000000000E+02  2.2993226783007015E-03

      150.000000  0.0000000000000000E+00  0.0000000000000000E+00
      150.000000  1.0000000000000000E+00  8.5378137576112484E-02
      150.000000  2.0000000000000000E+00  1.0180789465750416E-03
      150.000000  3.0000000000000000E+00  1.5018050323053794E-03
      150.000000  4.0000000000000000E+00  7.6052969077221061E-04
      150.000000  5.0000000000000000E+00  8.7761371429739821E-04
      150.000000  6.0000000000000000E+00  1.1365634927423944E-03
      150.000000  7.0000000000000000E+00  9.4987271971357882E-04
      150.000000  8.0000000000000000E+00  1.0756512275995295E-03
      150.000000  9.0000000000000000E+00  1.0684790489731003E-03
      150.000000  1.0000000000000000E+01  9.6272681013617213E-04
      150.000000  1.1000000000000000E+01  6.9781004061011172E-04
      150.000000  1.2000000000000000E+01  8.8740355716595317E-04
      150.000000  1.3000000000000000E+01  9.5974442177703312E-04
      150.000000  1.4000000000000000E+01  9.4920037119507780E-04
      150.000000  1.5000000000000000E+01  1.0991360487673486E-03
      150.000000  1.6000000000000000E+01  1.0256779516367336E-03
      150.000000  1.7000000000000000E+01  9.3589380202552805E-04
      150.000000  1.8000000000000000E+01  7.9494557301117218E-04
      150.000000  1.9000000000000000E+01  9.4925095451374258E-04
      150.000000  2.0000000000000000E+01  9.1052687201767111E-04
      150.000000  2.1000000000000000E+01  8.1500155679950005E-04
      150.000000  2.2000000000000000E+01  7.6072408652747524E-04
      150.000000  2.3000000000000000E+01  9.0324751807248219E-04
      150.000000  2.4000000000000000E+01  8.1107645667485254E-04
      150.000000  2.5000000000000000E+01  7.7395042796481683E-04
      150.000000  2.6000000000000000E+01  9.4613227132215694E-04
      150.000000  2.7000000000000000E+01  7.4189434804526112E-04
      150.000000  2.8000000000000000E+01  6.1550318792706789E-04
      150.000000  2.9000000000000000E+01  8.8878403557999120E-04
      150.000000  3.0000000000000000E+01  7.7585857630714603E-04
      150.000000  3.1000000000000000E+01  6.7666153341190043E-04
      150.000000  3.2000000000000000E+01  7.3934584233468494E-04
      150.000000  3.3000000000000000E+01  6.2925291467676842E-04
      150.000000  3.4000000000000000E+01  6.1467288508916431E-04
      150.000000  3.5000000000000000E+01  6.4282111144917922E-04
      150.000000  3.6000000000000000E+01  6.6958182588541316E-04
      150.000000  3.7000000000000000E+01  5.9827887580035861E-04
      150.000000  3.8000000000000000E+01  5.9810129856457614E-04
      150.000000  3.9000000000000000E+01  6.3889289117624007E-04
      150.000000  4.0000000000000000E+01  5.1001187995712083E-04
      150.000000  4.1000000000000000E+01  5.7587921260003931E-04
      150.000000  4.2000000000000000E+01  4.8619655304522083E-04
      150.000000  4.3000000000000000E+01  5.1523989757105320E-04
      150.000000  4.4000000000000000E+01  5.5468124208782289E-04
      150.000000  4.5000000000000000E+01  5.2431671552154852E-04
      150.000000  4.6000000000000000E+01  5.4447654021782545E-04
      150.000000  4.7000000000000000E+01  4.5424228659434178E-04
      150.000000  4.8000000000000000E+01  4.3765870624543594E-04
      150.000000  4.9000000000000000E+01  3.5275290508816263E-04
      150.000000  5.0000000000000000E+01  4.6498086801695815E-04
      150.000000  5.1000000000000000E+01  3.1252486271768164E-04
      150.000000  5.2000000000000000E+01  3.6591196652476833E-04
      150.000000  5.3000000000000000E+01  4.1114492130159649E-04
      150.000000  5.4000000000000000E+01  3.9740939920079470E-04
      150.000000  5.5000000000000000E+01  3.7800321059130738E-04
      150.000000  5.6000000000000000E+01  2.6873888524380965E-04
      150.000000  5.7000000000000000E+01  3.5200972939563457E-04
      150.000000  5.8000000000000000E+01  2.2375842238142439E-04
      150.000000  5.9000000000000000E+01  3.1786870729077197E-04
      150.000000  6.0000000000000000E+01  2.6575864738313224E-04
      150.000000  6.1000000000000000E+01  2.4457232000692740E-04
      150.000000  6.2000000000000000E+01  2.0958451002882198E-04
      150.000000  6.3000000000000000E+01  2.5132425816354705E-04
      150.000000  6.4000000000000000E+01  2.2519996651174876E-04
      150.000000  6.5000000000000000E+01  2.2098179745469888E-04
      150.000000  6.6000000000000000E+01  2.0341367881398506E-04
      150.000000  6.7000000000000000E+01  2.3509977593984073E-04
      150.000000  6.8000000000000000E+01  1.8267919437888432E-04
      150.000000  6.9000000000000000E+01  1.7009526538894738E-04
      150.000000  7.0000000000000000E+01  1.9140637464341249E-04
      150.000000  7.1000000000000000E+01  1.8195460694154998E-04
      150.000000  7.2000000000000000E+01  1.4404470596577379E-04
      150.000000  7.3000000000000000E+01  1.6952360241862706E-04
      150.000000  7.4000000000000000E+01  1.6893449675440593E-04
      150.000000  7.5000000000000000E+01  1.4234841778170261E-04
      150.000000  7.6000000000000000E+01  1.5081877807016981E-04
      150.000000  7.7000000000000000E+01  1.4079815307682224E-04
      150.000000  7.8000000000000000E+01  1.2504273142485117E-04
      150.000000  7.9000000000000000E+01  1.2791653205023671E-04
      150.000000  8.0000000000000000E+01  9.7217717179350142E-05
      150.000000  8.1000000000000000E+01  1.2788640504379187E-04
      150.000000  8.2000000000000000E+01  1.2158904384636911E-04
      150.000000  8.3000000000000000E+01  1.3104674981442575E-04
      150.000000  8.4000000000000000E+01  1.2802208582228603E-04
      150.000000  8.5000000000000000E+01  1.1195662201699516E-04
      150.000000  8.6000000000000000E+01  1.1958895040376573E-04
      150.000000  8.7000000000000000E+01  1.1015593613160223E-04
      150.000000  8.8000000000000000E+01  1.1414119959072664E-04
      150.000000  8.9000000000000000E+01  1.0751678030660970E-04
      150.000000  9.0000000000000000E+01  1.0962560528942219E-04
      150.000000  9.1000000000000000E+01  1.1499006114659919E-04
      150.000000  9.2000000000000000E+01  1.3574248047705192E-04
      150.000000  9.3000000000000000E+01  1.2962862992176415E-04
      150.000000  9.4000000000000000E+01  1.1936977744230606E-04
      150.000000  9.5000000000000000E+01  1.3608409936455971E-04
      150.000000  9.6000000000000000E+01  1.1311038654319053E-04
      150.000000  9.7000000000000000E+01  1.2045472889982922E-04
      150.000000  9.8000000000000000E+01  1.2869285716278944E-04
      150.000000  9.9000000000000000E+01  1.1579230812560690E-04
      150.000000  1.0000000000000000E+02  1.2091936148206313E-04
      150.000000  1.0100000000000000E+02  1.1530988412427981E-04
      150.000000  1.0200000000000000E+02  1.2763213695985698E-04
      150.000000  1.0300000000000000E+02  1.3391810691701191E-04
      150.000000  1.0400000000000000E+02  1.4541016607657302E-04
      150.000000  1.0500000000000000E+02  1.6534560491991894E-04
      150.000000  1.0600000000000000E+02  1.9553991587145612E-04
      150.000000  1.0700000000000000E+02  1.3566330761862733E-04
      150.000000  1.0800000000000000E+02  1.6632719545900241E-04
      150.000000  1.0900000000000000E+02  2.2596386571830857E-04
      150.000000  1.1000000000000000E+02  1.7643767441995106E-04
      150.000000  1.1100000000000000E+02  2.4051442937503319E-04
      150.000000  1.1200000000000000E+02  1.4119888588530198E-04
      150.000000  1.1300000000000000E+02  1.7138434219165827E-04
      150.000000  1.1400000000000000E+02  2.1374179213433305E-04
      150.000000  1.1500000000000000E+02  1.9915699692965550E-04
      150.000000  1.1600000000000000E+02  1.5760031061004095E-04
      150.000000  1.1700000000000000E+02  1.8266821346324917E-04
      150.000000  1.1800000000000000E+02  3.0649244587349281E-04
      150.000000  1.1900000000000000E+02  2.6198644552785584E-04
      150.000000  1.2000000000000000E+02  1.7166939877072071E-04
      150.000000  1.2100000000000000E+02  2.4284553514504928E-04
      150.000000  1.2200000000000000E+02  2.0554193721021878E-04
      150.000000  1.2300000000000000E+02  2.6433666214050968E-04
      150.000000  1.2400000000000000E+02  3.5690969102230484E-04
      150.000000  1.2500000000000000E+02  2.5748778659733559E-04
      150.000000  1.2600000000000000E+02  2.9307922875650545E-04
      150.000000  1.2700000000000000E+02  2.9665873041102798E-04
      150.000000  1.2800000000000000E+02  3.0961888942194988E-04
      150.000000  1.2900000000000000E+02  3.7913018237242807E-04
      150.000000  1.3000000000000000E+02  4.2213702354126844E-04
      150.000000  1.3100000000000000E+02  3.0641782048080739E-04
      150.000000  1.3200000000000000E+02  4.2792509275357056E-04
      150.000000  1.3300000000000000E+02  3.9241213892343110E-04
      150.000000  1.3400000000000000E+02  4.5198896047522969E-04
      150.000000  1.3500000000000000E+02  4.6657828110166049E-04
      150.000000  1.3600000000000000E+02  5.2032585168686955E-04
      150.000000  1.3700000000000000E+02  5.0888935423378358E-04
      150.000000  1.3800000000000000E+02  4.4636584975037185E-04
      150.000000  1.3900000000000000E+02  4.9522710081149641E-04
      150.000000  1.4000000000000000E+02  5.1706794097018910E-04
      150.000000  1.4100000000000000E+02  5.6293113045571331E-04
      150.000000  1.4200000000000000E+02  4.9662760390634672E-04
      150.000000  1.4300000000000000E+02  5.2427090661197535E-04
      150.000000  1.4400000000000000E+02  6.1910071431229717E-04
      150.000000  1.4500000000000000E+02  6.9207758802287251E-04
      150.000000  1.4600000000000000E+02  6.2301763004273241E-04
      150.000000  1.4700000000000000E+02  7.4778610089441149E-04
      150.000000  1.4800000000000000E+02  8.6970984889649940E-04
      150.000000  1.4900000000000000E+02  6.8540030005090932E-04
      150.000000  1.5000000000000000E+02  6.5005840595701151E-04
      150.000000  1.5100000000000000E+02  6.8857971318036983E-04
      150.000000  1.5200000000000000E+02  7.6738156770016837E-04
      150.000000  1.5300000000000000E+02  7.7269618954579618E-04
      150.000000  1.5400000000000000E+02  7.2542864286539706E-04
      150.000000  1.5500000000000000E+02  8.1228583807072615E-04
      150.000000  1.5600000000000000E+02  7.1649559765086580E-04
      150.000000  1.5700000000000000E+02  6.8406933647445099E-04
      150.000000  1.5800000000000000E+02  6.9396208006521239E-04
      150.000000  1.5900000000000000E+02  9.3562411599194394E-04
      150.000000  1.6000000000000000E+02  8.1619796309055181E-04
      150.000000  1.6100000000000000E+02  6.9708062356687098E-04
      150.000000  1.6200000000000000E+02  7.5788065705957109E-04
      150.000000  1.6300000000000000E+02  8.4006726802007055E-04
      150.000000  1.6400000000000000E+02  9.0012074853324637E-04
      150.000000  1.6500000000000000E+02  1.0341791961553900E-03
      150.000000  1.6600000000000000E+02  9.7000409075186545E-04
      150.000000  1.6700000000000000E+02  7.2510515623279914E-04
      150.000000  1.6800000000000000E+02  9.2296670547791198E-04
      150.000000  1.6900000000000000E+02  8.6423305707127084E-04
      150.000000  1.7000000000000000E+02  9.3799296055349310E-04
      150.000000  1.7100000000000000E+02  1.2614382391223774E-03
      150.000000  1.7200000000000000E+02  1.0825089550816325E-03
      150.000000  1.7300000000000000E+02  8.6112725938552320E-04
      150.000000  1.7400000000000000E+02  8.9345507353718820E-04
      150.000000  1.7500000000000000E+02  1.0952058613082187E-03
      150.000000  1.7600000000000000E+02  1.0455559408443275E-03
      150.000000  1.7700000000000000E+02  9.9811188699077064E-04
      150.000000  1.7800000000000000E+02  5.9384864185716801E-04
      150.000000  1.7900000000000000E+02  8.4285788891199146E-04
      150.000000  1.8000000000000000E+02  2.3194864329852028E-03

      200.000000  0.0000000000000000E+00  0.0000000000000000E+00
      200.000000  1.0000000000000000E+00  7.5856488047669146E-02
      200.000000  2.0000000000000000E+00  8.7938178357804331E-04
      200.000000  3.0000000000000000E+00  1.2701224213520568E-03
      200.000000  4.0000000000000000E+00  7.2109923488471389E-04
      200.000000  5.0000000000000000E+00  7.8483427047326649E-04
      200.000000  6.0000000000000000E+00  1.0593461858009765E-03
      200.000000  7.0000000000000000E+00  9.4753596233484061E-04
      200.000000  8.0000000000000000E+00  9.9716473691751771E-04
      200.000000  9.0000000000000000E+00  9.7253868633801702E-04
      200.000000  1.0000000000000000E+01  8.7241153222029650E-04
      200.000000  1.1000000000000000E+01  6.9546057840664957E-04
      200.000000  1.2000000000000000E+01  7.9879032117622674E-04
      200.000000  1.3000000000000000E+01  8.7789152754736419E-04
      200.000000  1.4000000000000000E+01  8.8046047979524684E-04
      200.000000  1.5000000000000000E+01  1.0120628765026456E-03
      200.000000  1.6000000000000000E+01  1.0135538148891583E-03
      200.000000  1.7000000000000000E+01  8.3570950044227715E-04
      200.000000  1.8000000000000000E+01  6.8380270697160708E-04
      200.000000  1.9000000000000000E+01  9.0382015266188265E-04
      200.000000  2.0000000000000000E+01  9.0287354534297878E-04
      200.000000  2.1000000000000000E+01  7.5114671980332150E-04
      200.000000  2.2000000000000000E+01  7.2994113171899043E-04
      200.000000  2.3000000000000000E+01  8.1449945419582385E-04
      200.000000  2.4000000000000000E+01  7.7420640089273431E-04
      200.000000  2.5000000000000000E+01  7.0376202251068139E-04
      200.000000  2.6000000000000000E+01  9.3317979045284816E-04
      200.000000  2.7000000000000000E+01  6.8418808225199023E-04
      200.000000  2.8000000000000000E+01  5.7566745797709643E-04
      200.000000  2.9000000000000000E+01  8.1995031760552495E-04
      200.000000  3.0000000000000000E+01  7.3198484335522884E-04
      200.000000  3.1000000000000000E+01  6.2609675495275345E-04
      200.000000  3.2000000000000000E+01  6.6870840894175888E-04
      200.000000  3.3000000000000000E+01  5.7383405371129914E-04
      200.000000  3.4000000000000000E+01  5.9922075253496579E-04
      200.000000  3.5000000000000000E+01  6.0400996291685766E-04
      200.000000  3.6000000000000000E+01  6.1912449663922267E-04
      200.000000  3.7000000000000000E+01  5.4924445473725149E-04
      200.000000  3.8000000000000000E+01  5.6810011818857653E-04
      200.000000  3.9000000000000000E+01  5.6031130379605588E-04
      200.000000  4.0000000000000000E+01  4.5454094374504389E-04
      200.000000  4.1000000000000000E+01  5.1672983089119250E-04
      200.000000  4.2000000000000000E+01  4.2696143953299258E-04
      200.000000  4.3000000000000000E+01  4.9862295444392407E-04
      200.000000  4.4000000000000000E+01  5.0142524714406054E-04
      200.000000  4.5000000000000000E+01  4.4906192659158932E-04
      200.000000  4.6000000000000000E+01  5.0221645678093414E-04
      200.000000  4.7000000000000000E+01  4.3156383135995412E-04
      200.000000  4.8000000000000000E+01  4.0239252812541255E-04
      200.000000  4.9000000000000000E+01  3.1473492732569133E-04
      200.000000  5.0000000000000000E+01  4.1751457706730276E-04
      200.000000  5.1000000000000000E+01  2.7992247084129113E-04
      200.000000  5.2000000000000000E+01  3.0819273927110342E-04
      200.000000  5.3000000000000000E+01  3.6009377663513253E-04
      200.000000  5.4000000000000000E+01  3.7976686394895748E-04
      200.000000  5.5000000000000000E+01  3.5184659560084166E-04
      200.000000  5.6000000000000000E+01  2.1237514099771044E-04
      200.000000  5.7000000000000000E+01  3.4506472889610966E-04
      200.000000  5.8000000000000000E+01  2.0142257556490765E-04
      200.000000  5.9000000000000000E+01  2.7501384128761802E-04
      200.000000  6.0000000000000000E+01  2.2108048389690707E-04
      200.000000  6.1000000000000000E+01  2.1318197491654027E-04
      200.000000  6.2000000000000000E+01  1.7971558120974209E-04
      200.000000  6.3000000000000000E+01  2.2708018916630144E-04
      200.000000  6.4000000000000000E+01  1.9124392172050497E-04
      200.000000  6.5000000000000000E+01  1.8576021470490672E-04
      200.000000  6.6000000000000000E+01  1.8522200895272061E-04
      200.000000  6.7000000000000000E+01  2.0599337789847799E-04
      200.000000  6.8000000000000000E+01  1.5583137770585457E-04
      200.000000  6.9000000000000000E+01  1.2116198784366246E-04
      200.000000  7.0000000000000000E+01  1.8609758665969468E-04
      200.000000  7.1000000000000000E+01  1.3684483935183259E-04
      200.000000  7.2000000000000000E+01  1.4482276589370739E-04
      200.000000  7.3000000000000000E+01  1.3464696272892264E-04
      200.000000  7.4000000000000000E+01  1.3831203105695204E-04
      200.000000  7.5000000000000000E+01  1.4517140832423506E-04
      200.000000  7.6000000000000000E+01  1.0040855134876516E-04
      200.000000  7.7000000000000000E+01  1.2380415358029283E-04
      200.000000  7.8000000000000000E+01  8.0251379699304727E-05
      200.000000  7.9000000000000000E+01  1.0374368471716262E-04
      200.000000  8.0000000000000000E+01  8.6947482442466760E-05
      200.000000  8.1000000000000000E+01  1.0144904423361708E-04
      200.000000  8.2000000000000000E+01  9.5894328568363774E-05
      200.000000  8.3000000000000000E+01  7.2981784079889663E-05
      200.000000  8.4000000000000000E+01  7.8597551436599704E-05
      200.000000  8.5000000000000000E+01  9.2061151293019615E-05
      200.000000  8.6000000000000000E+01  1.1506540954047641E-04
      200.000000  8.7000000000000000E+01  8.4652432559446515E-05
      200.000000  8.8000000000000000E+01  9.8718859053994307E-05
      200.000000  8.9000000000000000E+01  9.3920185660144033E-05
      200.000000  9.0000000000000000E+01  1.1071436712735949E-04
      200.000000  9.1000000000000000E+01  9.0409628798914678E-05
      200.000000  9.2000000000000000E+01  9.6674615773209051E-05
      200.000000  9.3000000000000000E+01  9.0949114721541104E-05
      200.000000  9.4000000000000000E+01  1.0460738080286725E-04
      200.000000  9.5000000000000000E+01  1.1245656384236246E-04
      200.000000  9.6000000000000000E+01  9.3000153725772926E-05
      200.000000  9.7000000000000000E+01  8.6930928276241786E-05
      200.000000  9.8000000000000000E+01  9.0992545265314629E-05
      200.000000  9.9000000000000000E+01  1.0877731635939229E-04
      200.000000  1.0000000000000000E+02  8.7921290080592983E-05
      200.000000  1.0100000000000000E+02  8.7009451810226784E-05
      200.000000  1.0200000000000000E+02  7.4318531744036514E-05
      200.000000  1.0300000000000000E+02  1.1532544170577806E-04
      200.000000  1.0400000000000000E+02  1.1234097039323479E-04
      200.000000  1.0500000000000000E+02  1.6857400879824423E-04
      200.000000  1.0600000000000000E+02  1.5877202319025704E-04
      200.000000  1.0700000000000000E+02  1.1622157834074671E-04
      200.000000  1.0800000000000000E+02  1.2871863616379156E-04
      200.000000  1.0900000000000000E+02  1.7945562692240296E-04
      200.000000  1.1000000000000000E+02  1.5178461225695531E-04
      200.000000  1.1100000000000000E+02  2.0545597974454014E-04
      200.000000  1.1200000000000000E+02  1.0379536051742566E-04
      200.000000  1.1300000000000000E+02  1.3695980233286668E-04
      200.000000  1.1400000000000000E+02  1.7849498686139402E-04
      200.000000  1.1500000000000000E+02  1.6919390796706906E-04
      200.000000  1.1600000000000000E+02  1.3694881612786995E-04
      200.000000  1.1700000000000000E+02  1.5646034650660501E-04
      200.000000  1.1800000000000000E+02  2.6098324103221551E-04
      200.000000  1.1900000000000000E+02  2.2597717541004587E-04
      200.000000  1.2000000000000000E+02  1.5320656623932065E-04
      200.000000  1.2100000000000000E+02  2.1231445911173039E-04
      200.000000  1.2200000000000000E+02  1.9859306239009675E-04
      200.000000  1.2300000000000000E+02  2.4914832007083207E-04
      200.000000  1.2400000000000000E+02  3.3979632634886564E-04
      200.000000  1.2500000000000000E+02  2.3700975123595283E-04
      200.000000  1.2600000000000000E+02  2.3253831580193079E-04
      200.000000  1.2700000000000000E+02  2.6486300081740425E-04
      200.000000  1.2800000000000000E+02  2.6576136206076531E-04
      200.000000  1.2900000000000000E+02  3.4520030308099578E-04
      200.000000  1.3000000000000000E+02  3.8518141099954360E-04
      200.000000  1.3100000000000000E+02  2.8873798268479341E-04
      200.000000  1.3200000000000000E+02  3.8979110244447603E-04
      200.000000  1.3300000000000000E+02  3.5399487224035394E-04
      200.000000  1.3400000000000000E+02  4.1073737746656933E-04
      200.000000  1.3500000000000000E+02  4.3227066101799176E-04
      200.000000  1.3600000000000000E+02  4.8762146125149418E-04
      200.000000  1.3700000000000000E+02  5.0016998383814730E-04
      200.000000  1.3800000000000000E+02  4.2796782230493206E-04
      200.000000  1.3900000000000000E+02  4.8044547671486851E-04
      200.000000  1.4000000000000000E+02  4.8701392520286279E-04
      200.000000  1.4100000000000000E+02  4.9496885715637619E-04
      200.000000  1.4200000000000000E+02  4.9516803966722679E-04
      200.000000  1.4300000000000000E+02  5.0310989293206668E-04
      200.000000  1.4400000000000000E+02  5.5292313687610732E-04
      200.000000  1.4500000000000000E+02  6.7396554686818453E-04
      200.000000  1.4600000000000000E+02  5.7597200293181452E-04
      200.000000  1.4700000000000000E+02  6.8400061146202287E-04
      200.000000  1.4800000000000000E+02  8.2167900627338932E-04
      200.000000  1.4900000000000000E+02  6.4035085443488269E-04
      200.000000  1.5000000000000000E+02  6.0044592338110889E-04
      200.000000  1.5100000000000000E+02  6.0222226151980887E-04
      200.000000  1.5200000000000000E+02  7.0990869465182573E-04
      200.000000  1.5300000000000000E+02  7.4272047551968135E-04
      200.000000  1.5400000000000000E+02  6.5703196649794936E-04
      200.000000  1.5500000000000000E+02  7.5745941746767082E-04
      200.000000  1.5600000000000000E+02  6.6179429334446282E-04
      200.000000  1.5700000000000000E+02  6.1741716309337126E-04
      200.000000  1.5800000000000000E+02  6.3736269925986034E-04
      200.000000  1.5900000000000000E+02  8.7803627275599976E-04
      200.000000  1.6000000000000000E+02  7.2927676175875606E-04
      200.000000  1.6100000000000000E+02  6.3645543879625548E-04
      200.000000  1.6200000000000000E+02  7.1613293907965070E-04
      200.000000  1.6300000000000000E+02  7.6650915659879281E-04
      200.000000  1.6400000000000000E+02  8.6476110116932446E-04
      200.000000  1.6500000000000000E+02  9.3234131005050236E-04
      200.000000  1.6600000000000000E+02  9.0351119009875061E-04
      200.000000  1.6700000000000000E+02  6.6276728782915491E-04
      200.000000  1.6800000000000000E+02  8.8411624104706545E-04
      200.000000  1.6900000000000000E+02  7.9205553056450916E-04
      200.000000  1.7000000000000000E+02  8.3624549337601366E-04
      200.000000  1.7100000000000000E+02  1.2306208606206758E-03
      200.000000  1.7200000000000000E+02  9.9970099071615068E-04
      200.000000  1.7300000000000000E+02  8.1710116948044106E-04
      200.000000  1.7400000000000000E+02  8.4582783390636362E-04
      200.000000  1.7500000000000000E+02  1.0803759010585715E-03
      200.000000  1.7600000000000000E+02  1.0236232063235767E-03
      200.000000  1.7700000000000000E+02  9.6751522224846481E-04
      200.000000  1.7800000000000000E+02  4.9082485397322921E-04
      200.000000  1.7900000000000000E+02  9.6372658039913298E-04
      200.000000  1.8000000000000000E+02  1.9133749970141466E-03

      250.000000  0.0000000000000000E+00  0.0000000000000000E+00
      250.000000  1.0000000000000000E+00  8.8374769583295529E-02
      250.000000  2.0000000000000000E+00  8.2168805444303938E-04
      250.000000  3.0000000000000000E+00  1.3651985731752514E-03
      250.000000  4.0000000000000000E+00  8.4023267900131622E-04
      250.000000  5.0000000000000000E+00  8.1781076423950976E-04
      250.000000  6.0000000000000000E+00  1.0707441158848440E-03
      250.000000  7.0000000000000000E+00  9.5062320723094101E-04
      250.000000  8.0000000000000000E+00  1.0636715091612758E-03
      250.000000  9.0000000000000000E+00  9.8521535356147763E-04
      250.000000  1.0000000000000000E+01  9.3795849224959972E-04
      250.000000  1.1000000000000000E+01  6.2011194610538296E-04
      250.000000  1.2000000000000000E+01  8.6895902642234347E-04
      250.000000  1.3000000000000000E+01  9.0369792900640031E-04
      250.000000  1.4000000000000000E+01  9.7840935486082602E-04
      250.000000  1.5000000000000000E+01  1.0638615316859957E-03
      250.000000  1.6000000000000000E+01  9.8623333097982752E-04
      250.000000  1.7000000000000000E+01  8.2050421612532662E-04
      250.000000  1.8000000000000000E+01  6.9062904824656191E-04
      250.000000  1.9000000000000000E+01  8.9675666450793638E-04
      250.000000  2.0000000000000000E+01  8.7627743001045515E-04
      250.000000  2.1000000000000000E+01  7.8353131347775207E-04
      250.000000  2.2000000000000000E+01  7.1706119618736785E-04
      250.000000  2.3000000000000000E+01  8.6834656140249728E-04
      250.000000  2.4000000000000000E+01  7.7636194607538745E-04
      250.000000  2.5000000000000000E+01  7.4332901765005604E-04
      250.000000  2.6000000000000000E+01  9.1944304203749993E-04
      250.000000  2.7000000000000000E+01  6.7059104386324865E-04
      250.000000  2.8000000000000000E+01  6.0763764615960419E-04
      250.000000  2.9000000000000000E+01  8.5787401916983489E-04
      250.000000  3.0000000000000000E+01  7.5056497923946578E-04
      250.000000  3.1000000000000000E+01  6.5553014131095174E-04
      250.000000  3.2000000000000000E+01  7.1074639273523068E-04
      250.000000  3.3000000000000000E+01  5.5636729979404039E-04
      250.000000  3.4000000000000000E+01  6.0621032439066649E-04
      250.000000  3.5000000000000000E+01  5.9686631340466717E-04
      250.000000  3.6000000000000000E+01  6.2191012674972762E-04
      250.000000  3.7000000000000000E+01  5.5055425800481096E-04
      250.000000  3.8000000000000000E+01  5.4244736630467739E-04
      250.000000  3.9000000000000000E+01  6.0856318518467760E-04
      250.000000  4.0000000000000000E+01  4.6589874596188912E-04
      250.000000  4.1000000000000000E+01  5.1557530460717824E-04
      250.000000  4.2000000000000000E+01  4.0486733622054180E-04
      250.000000  4.3000000000000000E+01  4.9858385927750129E-04
      250.000000  4.4000000000000000E+01  5.0393809050644251E-04
      250.000000  4.5000000000000000E+01  4.8499526527369564E-04
      250.000000  4.6000000000000000E+01  4.8055061639224052E-04
      250.000000  4.7000000000000000E+01  4.1869431119560032E-04
      250.000000  4.8000000000000000E+01  4.1556009764516212E-04
      250.000000  4.9000000000000000E+01  3.0774550551323414E-04
      250.000000  5.0000000000000000E+01  4.2163197755667412E-04
      250.000000  5.1000000000000000E+01  2.9239877622709847E-04
      250.000000  5.2000000000000000E+01  3.4668750062567653E-04
      250.000000  5.3000000000000000E+01  3.7877357684637454E-04
      250.000000  5.4000000000000000E+01  3.4963694270372385E-04
      250.000000  5.5000000000000000E+01  3.3751958331196291E-04
      250.000000  5.6000000000000000E+01  2.0854126388573436E-04
      250.000000  5.7000000000000000E+01  3.2026037629663366E-04
      250.000000  5.8000000000000000E+01  1.7234433239305129E-04
      250.000000  5.9000000000000000E+01  2.6690126259529615E-04
      250.000000  6.0000000000000000E+01  2.2241715651305388E-04
      250.000000  6.1000000000000000E+01  2.1135121216558082E-04
      250.000000  6.2000000000000000E+01  1.7096388810313972E-04
      250.000000  6.3000000000000000E+01  2.1103216164725970E-04
      250.000000  6.4000000000000000E+01  1.9038580700813477E-04
      250.000000  6.5000000000000000E+01  1.9129487049417119E-04
      250.000000  6.6000000000000000E+01  1.6551657211818743E-04
      250.000000  6.7000000000000000E+01  1.8637462988119416E-04
      250.000000  6.8000000000000000E+01  1.5571483785990967E-04
      250.000000  6.9000000000000000E+01  1.2761503983266026E-04
      250.000000  7.0000000000000000E+01  1.6885957583909504E-04
      250.000000  7.1000000000000000E+01  1.4286942672903883E-04
      250.000000  7.2000000000000000E+01  1.0866181625956959E-04
      250.000000  7.3000000000000000E+01  1.2692824107453859E-04
      250.000000  7.4000000000000000E+01  1.3116062929162194E-04
      250.000000  7.5000000000000000E+01  1.2819618611774967E-04
      250.000000  7.6000000000000000E+01  9.2353144286992729E-05
      250.000000  7.7000000000000000E+01  1.0794459665661915E-04
      250.000000  7.8000000000000000E+01  9.8317096337178524E-05
      250.000000  7.9000000000000000E+01  9.3170408861111353E-05
      250.000000  8.0000000000000000E+01  8.8841343794527486E-05
      250.000000  8.1000000000000000E+01  7.8487496969563181E-05
      250.000000  8.2000000000000000E+01  9.8114586663047897E-05
      250.000000  8.3000000000000000E+01  9.7826464428834279E-05
      250.000000  8.4000000000000000E+01  9.7466824909029192E-05
      250.000000  8.5000000000000000E+01  7.2296671297518740E-05
      250.000000  8.6000000000000000E+01  8.9346390715559456E-05
      250.000000  8.7000000000000000E+01  8.0083337950025480E-05
      250.000000  8.8000000000000000E+01  8.6509562602617713E-05
      250.000000  8.9000000000000000E+01  1.0885897279383574E-04
      250.000000  9.0000000000000000E+01  8.6081548157114119E-05
      250.000000  9.1000000000000000E+01  8.2905908458815031E-05
      250.000000  9.2000000000000000E+01  1.0332730392328588E-04
      250.000000  9.3000000000000000E+01  7.5761429687606549E-05
      250.000000  9.4000000000000000E+01  1.1309356471445935E-04
      250.000000  9.5000000000000000E+01  9.5345351556026060E-05
      250.000000  9.6000000000000000E+01  9.2639778258139891E-05
      250.000000  9.7000000000000000E+01  8.0607057240503172E-05
      250.000000  9.8000000000000000E+01  9.3039588444723153E-05
      250.000000  9.9000000000000000E+01  9.8275271354355507E-05
      250.000000  1.0000000000000000E+02  8.1528762684966800E-05
      250.000000  1.0100000000000000E+02  1.2184014269434469E-04
      250.000000  1.0200000000000000E+02  1.1299504793894449E-04
      250.000000  1.0300000000000000E+02  1.0367156522562485E-04
      250.000000  1.0400000000000000E+02  1.0989780783678379E-04
      250.000000  1.0500000000000000E+02  1.2640560466063320E-04
      250.000000  1.0600000000000000E+02  1.4237191544276507E-04
      250.000000  1.0700000000000000E+02  1.2724369695963142E-04
      250.000000  1.0800000000000000E+02  1.3031877128429100E-04
      250.000000  1.0900000000000000E+02  1.6927071046350182E-04
      250.000000  1.1000000000000000E+02  1.3862475925339399E-04
      250.000000  1.1100000000000000E+02  2.1371466393169878E-04
      250.000000  1.1200000000000000E+02  1.1417464021860930E-04
      250.000000  1.1300000000000000E+02  1.3452592702376578E-04
      250.000000  1.1400000000000000E+02  1.6735130427340347E-04
      250.000000  1.1500000000000000E+02  1.5338419875501641E-04
      250.000000  1.1600000000000000E+02  1.4848339098356427E-04
      250.000000  1.1700000000000000E+02  1.6449346702238630E-04
      250.000000  1.1800000000000000E+02  2.6303591713090139E-04
      250.000000  1.1900000000000000E+02  2.0715330863685488E-04
      250.000000  1.2000000000000000E+02  1.8630231681241656E-04
      250.000000  1.2100000000000000E+02  2.0141548641119239E-04
      250.000000  1.2200000000000000E+02  1.7590888399523960E-04
      250.000000  1.2300000000000000E+02  2.3806587553862327E-04
      250.000000  1.2400000000000000E+02  3.2450952919448192E-04
      250.000000  1.2500000000000000E+02  2.0846440516869357E-04
      250.000000  1.2600000000000000E+02  2.8556482378187624E-04
      250.000000  1.2700000000000000E+02  2.5165726540911468E-04
      250.000000  1.2800000000000000E+02  2.6794921396271481E-04
      250.000000  1.2900000000000000E+02  3.5034198340976269E-04
      250.000000  1.3000000000000000E+02  3.9284121642548599E-04
      250.000000  1.3100000000000000E+02  2.6937174617148432E-04
      250.000000  1.3200000000000000E+02  3.9744864319110742E-04
      250.000000  1.3300000000000000E+02  3.3681605740658890E-04
      250.000000  1.3400000000000000E+02  3.9631845664795848E-04
      250.000000  1.3500000000000000E+02  4.2544444621436773E-04
      250.000000  1.3600000000000000E+02  4.8309409381960925E-04
      250.000000  1.3700000000000000E+02  4.6287372904880135E-04
      250.000000  1.3800000000000000E+02  4.2096321247295546E-04
      250.000000  1.3900000000000000E+02  4.6236204019258647E-04
      250.000000  1.4000000000000000E+02  4.9888873312895713E-04
      250.000000  1.4100000000000000E+02  5.1732918556065416E-04
      250.000000  1.4200000000000000E+02  4.5376637682116203E-04
      250.000000  1.4300000000000000E+02  4.7799062137673774E-04
      250.000000  1.4400000000000000E+02  5.5426765446640771E-04
      250.000000  1.4500000000000000E+02  6.4856683408753303E-04
      250.000000  1.4600000000000000E+02  5.6541340683994613E-04
      250.000000  1.4700000000000000E+02  6.6597214201674431E-04
      250.000000  1.4800000000000000E+02  8.3895079258323947E-04
      250.000000  1.4900000000000000E+02  6.4027282051283899E-04
      250.000000  1.5000000000000000E+02  6.1497362547514802E-04
      250.000000  1.5100000000000000E+02  6.2698240922270162E-04
      250.000000  1.5200000000000000E+02  7.3934936552956054E-04
      250.000000  1.5300000000000000E+02  7.5458792082118843E-04
      250.000000  1.5400000000000000E+02  6.8109460458394089E-04
      250.000000  1.5500000000000000E+02  7.3215526034061881E-04
      250.000000  1.5600000000000000E+02  6.5465540561946691E-04
      250.000000  1.5700000000000000E+02  6.3512276449224773E-04
      250.000000  1.5800000000000000E+02  6.4983640231381333E-04
      250.000000  1.5900000000000000E+02  9.0166515605596476E-04
      250.000000  1.6000000000000000E+02  7.6564616362555346E-04
      250.000000  1.6100000000000000E+02  6.6640308264090159E-04
      250.000000  1.6200000000000000E+02  7.4510848584210913E-04
      250.000000  1.6300000000000000E+02  7.7029295587524983E-04
      250.000000  1.6400000000000000E+02  8.6225546795499000E-04
      250.000000  1.6500000000000000E+02  9.7081309492125884E-04
      250.000000  1.6600000000000000E+02  8.3615335227569230E-04
      250.000000  1.6700000000000000E+02  6.6124454626178392E-04
      250.000000  1.6800000000000000E+02  8.9505633093234238E-04
      250.000000  1.6900000000000000E+02  8.1606680026176999E-04
      250.000000  1.7000000000000000E+02  8.2904356525547005E-04
      250.000000  1.7100000000000000E+02  1.2479259870963014E-03
      250.000000  1.7200000000000000E+02  1.0300618659660949E-03
      250.000000  1.7300000000000000E+02  7.8716146938541203E-04
      250.000000  1.7400000000000000E+02  8.1167341156693272E-04
      250.000000  1.7500000000000000E+02  1.0785519570870638E-03
      250.000000  1.7600000000000000E+02  1.0547417200376080E-03
      250.000000  1.7700000000000000E+02  1.0006854369683336E-03
      250.000000  1.7800000000000000E+02  5.5868344954352472E-04
      250.000000  1.7900000000000000E+02  7.8056416309506130E-04
      250.000000  1.8000000000000000E+02  2.0315108057778301E-03

      300.000000  0.0000000000000000E+00  0.0000000000000000E+00
      300.000000  1.0000000000000000E+00  8.3545344540469649E-02
      300.000000  2.0000000000000000E+00  8.6796844569569573E-04
      300.000000  3.0000000000000000E+00  1.3468952647799682E-03
      300.000000  4.0000000000000000E+00  7.5166999663590570E-04
      300.000000  5.0000000000000000E+00  7.7882981651459496E-04
      300.000000  6.0000000000000000E+00  9.6105726803383295E-04
      300.000000  7.0000000000000000E+00  9.1049313321898550E-04
      300.000000  8.0000000000000000E+00  9.9120685470325989E-04
      300.000000  9.0000000000000000E+00  9.3893903190800886E-04
      300.000000  1.0000000000000000E+01  8.8472729064363598E-04
      300.000000  1.1000000000000000E+01  5.8655016784281151E-04
      300.000000  1.2000000000000000E+01  7.9906733441476550E-04
      300.000000  1.3000000000000000E+01  8.4895604506016371E-04
      300.000000  1.4000000000000000E+01  8.9179203492416531E-04
      300.000000  1.5000000000000000E+01  1.0041111113258437E-03
      300.000000  1.6000000000000000E+01  9.3210905568087503E-04
      300.000000  1.7000000000000000E+01  8.3015778378436856E-04
      300.000000  1.8000000000000000E+01  6.7853644515235225E-04
      300.000000  1.9000000000000000E+01  8.6953161470807404E-04
      300.000000  2.0000000000000000E+01  8.8635403209059700E-04
      300.000000  2.1000000000000000E+01  7.5541938934041485E-04
      300.000000  2.2000000000000000E+01  6.7087921980519519E-04
      300.000000  2.3000000000000000E+01  8.1778976249874684E-04
      300.000000  2.4000000000000000E+01  7.3932261607702603E-04
      300.000000  2.5000000000000000E+01  6.9983258498772032E-04
      300.000000  2.6000000000000000E+01  9.0211414583399210E-04
      300.000000  2.7000000000000000E+01  6.6825527372157305E-04
      300.000000  2.8000000000000000E+01  5.7289377179007813E-04
      300.000000  2.9000000000000000E+01  8.1711599789770066E-04
      300.000000  3.0000000000000000E+01  7.3569378791945423E-04
      300.000000  3.1000000000000000E+01  5.9751961732181110E-04
      300.000000  3.2000000000000000E+01  6.9112374628712474E-04
      300.000000  3.3000000000000000E+01  5.6733037139054766E-04
      300.000000  3.4000000000000000E+01  5.7895461187609820E-04
      300.000000  3.5000000000000000E+01  5.7773419947467896E-04
      300.000000  3.6000000000000000E+01  6.1853474204109308E-04
      300.000000  3.7000000000000000E+01  5.4018397376428976E-04
      300.000000  3.8000000000000000E+01  5.4060264789076746E-04
      300.000000  3.9000000000000000E+01  5.7540501113583149E-04
      300.000000  4.0000000000000000E+01  4.5553498993163331E-04
      300.000000  4.1000000000000000E+01  5.0928477528689082E-04
      300.000000  4.2000000000000000E+01  4.1633007027340913E-04
      300.000000  4.3000000000000000E+01  4.6274177887050831E-04
      300.000000  4.4000000000000000E+01  4.6959318916035738E-04
      300.000000  4.5000000000000000E+01  4.5621197567831054E-04
      300.000000  4.6000000000000000E+01  4.8424742718119373E-04
      300.000000  4.7000000000000000E+01  4.3046398905168665E-04
      300.000000  4.8000000000000000E+01  3.8468401863541216E-04
      300.000000  4.9000000000000000E+01  2.9832235297913426E-04
      300.000000  5.0000000000000000E+01  4.2970020621843614E-04
      300.000000  5.1000000000000000E+01  2.7660749748265897E-04
      300.000000  5.2000000000000000E+01  3.2900197158971058E-04
      300.000000  5.3000000000000000E+01  3.4724648356077145E-04
      300.000000  5.4000000000000000E+01  3.5539413453006692E-04
      300.000000  5.5000000000000000E+01  3.3777751261946954E-04
      300.000000  5.6000000000000000E+01  2.0433627175933590E-04
      300.000000  5.7000000000000000E+01  3.1604173856998152E-04
      300.000000  5.8000000000000000E+01  1.6240796958402013E-04
      300.000000  5.9000000000000000E+01  2.6150182421987852E-04
      300.000000  6.0000000000000000E+01  2.1114385157116185E-04
      300.000000  6.1000000000000000E+01  2.1160681614477810E-04
      300.000000  6.2000000000000000E+01  1.4699084381592412E-04
      300.000000  6.3000000000000000E+01  2.2798301790312859E-04
      300.000000  6.4000000000000000E+01  1.7538421838952150E-04
      300.000000  6.5000000000000000E+01  1.7044103217865304E-04
      300.000000  6.6000000000000000E+01  1.4145521969682710E-04
      300.000000  6.7000000000000000E+01  1.8021443799283362E-04
      300.000000  6.8000000000000000E+01  1.2381696297934238E-04
      300.000000  6.9000000000000000E+01  9.7910995195125259E-05
      300.000000  7.0000000000000000E+01  1.5386164738373216E-04
      300.000000  7.1000000000000000E+01  1.1427895474294049E-04
      300.000000  7.2000000000000000E+01  8.7584401201564816E-05
      300.000000  7.3000000000000000E+01  1.3655360596999213E-04
      300.000000  7.4000000000000000E+01  1.1663724424340542E-04
      300.000000  7.5000000000000000E+01  1.0985046359807150E-04
      300.000000  7.6000000000000000E+01  8.9112613336028623E-05
      300.000000  7.7000000000000000E+01  9.1451068057058906E-05
      300.000000  7.8000000000000000E+01  9.9834084226564057E-05
      300.000000  7.9000000000000000E+01  9.0836320513126343E-05
      300.000000  8.0000000000000000E+01  7.1050208864852123E-05
      300.000000  8.1000000000000000E+01  7.9506128238390129E-05
      300.000000  8.2000000000000000E+01  8.6262694055678485E-05
      300.000000  8.3000000000000000E+01  7.9346690899119459E-05
      300.000000  8.4000000000000000E+01  9.0683177704576652E-05
      300.000000  8.5000000000000000E+01  9.8932500681557352E-05
      300.000000  8.6000000000000000E+01  6.6080113019574227E-05
      300.000000  8.7000000000000000E+01  9.0813677963149175E-05
      300.000000  8.8000000000000000E+01  7.8716012855145493E-05
      300.000000  8.9000000000000000E+01  8.5868051721340195E-05
      300.000000  9.0000000000000000E+01  7.8375002597627240E-05
      300.000000  9.1000000000000000E+01  7.1717199003732009E-05
      300.000000  9.2000000000000000E+01  8.0224541323696192E-05
      300.000000  9.3000000000000000E+01  8.4852461399321819E-05
      300.000000  9.4000000000000000E+01  8.5514297824529207E-05
      300.000000  9.5000000000000000E+01  6.4521079180858973E-05
      300.000000  9.6000000000000000E+01  5.6558330124558166E-05
      300.000000  9.7000000000000000E+01  7.9367482939655593E-05
      300.000000  9.8000000000000000E+01  6.8880275131644333E-05
      300.000000  9.9000000000000000E+01  8.5322040731009244E-05
      300.000000  1.0000000000000000E+02  8.8692384551496180E-05
      300.000000  1.0100000000000000E+02  8.1414165520761814E-05
      300.000000  1.0200000000000000E+02  6.4873627435451048E-05
      300.000000  1.0300000000000000E+02  7.8351476696552860E-05
      300.000000  1.0400000000000000E+02  7.7054238220380120E-05
      300.000000  1.0500000000000000E+02  1.3009246292274918E-04
      300.000000  1.0600000000000000E+02  1.4460746978896255E-04
      300.000000  1.0700000000000000E+02  1.0976412323040350E-04
      300.000000  1.0800000000000000E+02  1.3191806629389669E-04
      300.000000  1.0900000000000000E+02  1.4751038157427291E-04
      300.000000  1.1000000000000000E+02  1.3333398274707514E-04
      300.000000  1.1100000000000000E+02  1.9041357022310881E-04
      300.000000  1.1200000000000000E+02  9.2144879483876558E-05
      300.000000  1.1300000000000000E+02  1.0385285104171492E-04
      300.000000  1.1400000000000000E+02  1.6287942169910746E-04
      300.000000  1.1500000000000000E+02  1.5301614123774978E-04
      300.000000  1.1600000000000000E+02  1.1614841098239270E-04
      300.000000  1.1700000000000000E+02  1.4159960100810755E-04
      300.000000  1.1800000000000000E+02  2.1899854034686979E-04
      300.000000  1.1900000000000000E+02  1.8555172044556318E-04
      300.000000  1.2000000000000000E+02  1.4941475644040893E-04
      300.000000  1.2100000000000000E+02  2.0652753014049408E-04
      300.000000  1.2200000000000000E+02  1.4748372714459634E-04
      300.000000  1.2300000000000000E+02  2.3737520429829249E-04
      300.000000  1.2400000000000000E+02  3.0304137431890691E-04
      300.000000  1.2500000000000000E+02  2.0949533646766596E-04
      300.000000  1.2600000000000000E+02  2.4111735792013079E-04
      300.000000  1.2700000000000000E+02  2.2935214369114698E-04
      300.000000  1.2800000000000000E+02  2.5083251966284882E-04
      300.000000  1.2900000000000000E+02  3.2743154125013216E-04
      300.000000  1.3000000000000000E+02  3.8577632329181232E-04
      300.000000  1.3100000000000000E+02  2.5092793132778547E-04
      300.000000  1.3200000000000000E+02  3.7716276745036932E-04
      300.000000  1.3300000000000000E+02  3.3847348944305000E-04
      300.000000  1.3400000000000000E+02  3.8749931931865997E-04
      300.000000  1.3500000000000000E+02  4.0772929647342183E-04
      300.000000  1.3600000000000000E+02  4.8620922141735665E-04
      300.000000  1.3700000000000000E+02  4.5599260407910852E-04
      300.000000  1.3800000000000000E+02  4.0961807628504105E-04
      300.000000  1.3900000000000000E+02  4.7295629341029212E-04
      300.000000  1.4000000000000000E+02  4.6157992042123813E-04
      300.000000  1.4100000000000000E+02  4.8887751888370041E-04
      300.000000  1.4200000000000000E+02  4.3807149528649281E-04
      300.000000  1.4300000000000000E+02  4.4063605321880670E-04
      300.000000  1.4400000000000000E+02  5.4354119498190869E-04
      300.000000  1.4500000000000000E+02  6.3868584744909685E-04
      300.000000  1.4600000000000000E+02  5.5292666985751334E-04
      300.000000  1.4700000000000000E+02  6.8925339074717140E-04
      300.000000  1.4800000000000000E+02  7.8555361217384312E-04
      300.000000  1.4900000000000000E+02  6.2873199651299516E-04
      300.000000  1.5000000000000000E+02  5.7343883983609488E-04
      300.000000  1.5100000000000000E+02  6.0659757586399706E-04
      300.000000  1.5200000000000000E+02  7.0324721049247246E-04
      300.000000  1.5300000000000000E+02  7.1029111359671607E-04
      300.000000  1.5400000000000000E+02  6.5702914353915512E-04
      300.000000  1.5500000000000000E+02  7.1207973225878801E-04
      300.000000  1.5600000000000000E+02  6.2664971092137446E-04
      300.000000  1.5700000000000000E+02  5.9888775264533146E-04
      300.000000  1.5800000000000000E+02  6.1629565024302457E-04
      300.000000  1.5900000000000000E+02  8.9307100616845957E-04
      300.000000  1.6000000000000000E+02  7.7553475600630533E-04
      300.000000  1.6100000000000000E+02  6.4030840246417399E-04
      300.000000  1.6200000000000000E+02  6.8634891379861440E-04
      300.000000  1.6300000000000000E+02  7.4020104215324445E-04
      300.000000  1.6400000000000000E+02  7.9975115251719627E-04
      300.000000  1.6500000000000000E+02  9.3631694246463777E-04
      300.000000  1.6600000000000000E+02  8.6767580043089424E-04
      300.000000  1.6700000000000000E+02  6.3804733363834111E-04
      300.000000  1.6800000000000000E+02  8.7784616288501607E-04
      300.000000  1.6900000000000000E+02  7.7083451147126766E-04
      300.000000  1.7000000000000000E+02  8.0347013814857963E-04
      300.000000  1.7100000000000000E+02  1.2004886268453872E-03
      300.000000  1.7200000000000000E+02  1.0270916879053335E-03
      300.000000  1.7300000000000000E+02  8.2230002777530873E-04
      300.000000  1.7400000000000000E+02  7.7657944215700383E-04
      300.000000  1.7500000000000000E+02  1.0454221722954319E-03
      300.000000  1.7600000000000000E+02  9.8980514308300970E-04
      300.000000  1.7700000000000000E+02  9.7219096827604078E-04
      300.000000  1.7800000000000000E+02  5.3968619519398386E-04
      300.000000  1.7900000000000000E+02  7.5667612266917524E-04
      300.000000  1.8000000000000000E+02  1.8703107966582316E-03

