-4.76	0.0
-4.66	0.0
-4.56	0.0
-4.46	0.0
-4.359999999999999	0.0
-4.26	0.0
-4.16	0.0
-4.06	0.0
-3.96	0.0
-3.86	0.0
-3.76	0.0
-3.66	0.0
-3.5599999999999996	0.0
-3.46	0.0
-3.3599999999999994	0.0
-3.26	0.0
-3.1599999999999993	0.0
-3.0599999999999996	0.0
-2.959999999999999	0.0
-2.8599999999999994	0.0
-2.7599999999999993	0.0
-2.6599999999999993	0.0
-2.559999999999999	0.0
-2.459999999999999	0.0
-2.359999999999999	0.0
-2.259999999999999	0.0
-2.159999999999999	0.0
-2.0599999999999987	0.0
-1.9599999999999986	0.0
-1.8599999999999985	0.0
-1.7599999999999985	0.0
-1.6599999999999984	0.0
-1.5599999999999983	0.0
-1.4599999999999982	0.0
-1.359999999999998	0.0
-1.259999999999998	0.0
-1.159999999999998	0.0
-1.0599999999999978	0.0
-0.9599999999999977	0.0
-0.8599999999999977	0.0
-0.759999999999998	0.0
-0.6599999999999984	0.0
-0.5599999999999987	0.0
-0.4599999999999991	0.0
-0.35999999999999943	0.0
-0.2599999999999998	0.0
-0.16000000000000014	0.0
-0.0600000000000005	0.0
0.03999999999999915	4.000000000000014e-06
0.1399999999999988	6.600000000000022e-05
0.23999999999999844	0.00015200000000000052
0.3399999999999981	0.00019900000000000066
0.4399999999999977	0.000315000000000001
0.5399999999999974	0.00036400000000000115
0.639999999999997	0.0004600000000000014
0.7399999999999967	0.00046700000000000154
0.8399999999999963	0.000554000000000002
0.939999999999996	0.0006250000000000023
1.0399999999999956	0.0006870000000000026
1.1399999999999952	0.0007450000000000029
1.2399999999999949	0.0007410000000000028
1.3399999999999945	0.0008030000000000031
1.4399999999999942	0.0008370000000000032
1.5399999999999938	0.0007770000000000032
1.6399999999999935	0.0008840000000000036
1.739999999999993	0.0008830000000000036
1.8399999999999928	0.0008560000000000036
1.9399999999999924	0.0008760000000000032
2.039999999999992	0.0009130000000000035
2.1399999999999917	0.0008960000000000036
2.2399999999999913	0.0009560000000000036
2.339999999999991	0.0009390000000000036
2.4399999999999906	0.0009560000000000036
2.5399999999999903	0.0008970000000000036
2.63999999999999	0.0009480000000000037
2.7399999999999896	0.0009060000000000036
2.839999999999989	0.0009040000000000034
2.939999999999989	0.0009520000000000036
3.0399999999999885	0.0008730000000000035
3.139999999999988	0.0009250000000000036
3.239999999999988	0.0008890000000000036
3.3399999999999874	0.0009520000000000037
3.439999999999987	0.0008950000000000036
3.5399999999999867	0.0008960000000000036
3.6399999999999864	0.0008700000000000034
3.739999999999986	0.0008800000000000036
3.8399999999999856	0.0008860000000000036
3.9399999999999853	0.0008420000000000032
4.039999999999985	0.000802000000000003
4.139999999999985	0.0008800000000000036
4.239999999999984	0.0008590000000000034
4.339999999999984	0.0008570000000000034
4.4399999999999835	0.0008080000000000033
4.539999999999983	0.0007630000000000029
4.639999999999983	0.0008290000000000032
4.7399999999999824	0.000766000000000003
4.839999999999982	0.000803000000000003
4.939999999999982	0.0007020000000000026
5.039999999999981	0.0007380000000000029
5.139999999999981	0.0007380000000000029
5.239999999999981	0.0007830000000000031
5.33999999999998	0.0007640000000000028
5.43999999999998	0.0007830000000000031
5.53999999999998	0.0007310000000000028
5.639999999999979	0.0007330000000000027
5.739999999999979	0.0006750000000000026
5.8399999999999785	0.0007280000000000028
5.939999999999978	0.0007050000000000027
6.039999999999978	0.0006860000000000027
6.1399999999999775	0.0006560000000000024
6.239999999999977	0.0006640000000000025
6.339999999999977	0.0006700000000000025
6.439999999999976	0.0007000000000000028
6.539999999999976	0.0006720000000000026
6.639999999999976	0.0006340000000000024
6.739999999999975	0.0006540000000000026
6.839999999999975	0.0006110000000000024
6.939999999999975	0.0006010000000000021
7.039999999999974	0.0006410000000000026
7.139999999999974	0.000572000000000002
7.239999999999974	0.000575000000000002
7.339999999999973	0.000577000000000002
7.439999999999973	0.000556000000000002
7.5399999999999725	0.000546000000000002
7.639999999999972	0.000574000000000002
7.739999999999972	0.000567000000000002
7.839999999999971	0.000571000000000002
7.939999999999971	0.0005180000000000017
8.03999999999997	0.0005200000000000018
8.13999999999997	0.0005400000000000017
8.23999999999997	0.0005370000000000018
8.33999999999997	0.0005200000000000018
8.43999999999997	0.0005030000000000017
8.539999999999969	0.0005190000000000018
8.639999999999969	0.0005180000000000017
8.739999999999968	0.0005140000000000017
8.839999999999968	0.0004810000000000016
8.939999999999968	0.0004660000000000016
9.039999999999967	0.0004760000000000016
9.139999999999967	0.0004490000000000014
9.239999999999966	0.00046100000000000145
9.339999999999966	0.0004640000000000015
9.439999999999966	0.0004770000000000016
9.539999999999965	0.00044800000000000146
9.639999999999965	0.0004350000000000014
9.739999999999965	0.00042400000000000136
9.839999999999964	0.00045700000000000146
9.939999999999964	0.00045700000000000146
10.039999999999964	0.00039200000000000123
10.139999999999963	0.0003790000000000012
10.239999999999963	0.00041200000000000134
10.339999999999963	0.0004020000000000013
10.439999999999962	0.00039200000000000123
10.539999999999962	0.0004010000000000013
10.639999999999961	0.0003580000000000011
10.739999999999961	0.00036600000000000114
10.83999999999996	0.00037700000000000114
10.93999999999996	0.0003570000000000011
11.03999999999996	0.000345000000000001
11.13999999999996	0.00038400000000000115
11.23999999999996	0.0003300000000000011
11.339999999999959	0.0003480000000000011
11.43999999999996	0.0003469999999999951
11.539999999999962	0.00031499999999999546
11.639999999999963	0.0003359999999999952
11.739999999999965	0.00033299999999999525
11.839999999999966	0.0003019999999999957
11.939999999999968	0.0003029999999999957
12.039999999999969	0.0003169999999999955
12.13999999999997	0.0002909999999999959
12.239999999999972	0.000283999999999996
12.339999999999973	0.00029799999999999575
12.439999999999975	0.0002739999999999961
12.539999999999976	0.0002649999999999962
12.639999999999977	0.0002619999999999963
12.739999999999979	0.0003129999999999955
12.83999999999998	0.00026999999999999615
12.939999999999982	0.00025499999999999633
13.039999999999983	0.0002589999999999963
13.139999999999985	0.00025599999999999636
13.239999999999986	0.0002289999999999967
13.339999999999987	0.00026099999999999626
13.439999999999989	0.00021299999999999694
13.53999999999999	0.00022699999999999676
13.639999999999992	0.000210999999999997
13.739999999999993	0.00022699999999999682
13.839999999999995	0.0002229999999999968
13.939999999999996	0.0002289999999999967
14.039999999999997	0.0002169999999999969
14.139999999999999	0.00022699999999999676
14.24	0.0002039999999999971
14.340000000000002	0.0001979999999999972
14.440000000000003	0.0001969999999999972
14.540000000000004	0.00019599999999999723
14.640000000000006	0.0001799999999999974
14.740000000000007	0.0001899999999999973
14.840000000000009	0.0001969999999999972
14.94000000000001	0.000210999999999997
15.040000000000012	0.0001829999999999974
15.140000000000013	0.00018999999999999727
15.240000000000014	0.00016399999999999764
15.340000000000016	0.00017699999999999747
15.440000000000017	0.00017199999999999754
15.540000000000019	0.0001619999999999977
15.64000000000002	0.0001969999999999972
15.740000000000022	0.00017499999999999748
15.840000000000023	0.00016399999999999767
15.940000000000024	0.00015699999999999777
16.040000000000028	0.0001599999999999977
16.14000000000003	0.0001589999999999977
16.24000000000003	0.00016199999999999773
16.340000000000032	0.00015199999999999784
16.440000000000033	0.00016999999999999757
16.540000000000035	0.000141999999999998
16.640000000000036	0.00014999999999999785
16.740000000000038	0.00015299999999999784
16.84000000000004	0.00014899999999999788
16.94000000000004	0.00013699999999999804
17.040000000000042	0.00013299999999999808
17.140000000000043	0.00012999999999999815
17.240000000000045	0.0001549999999999978
17.340000000000046	0.00012899999999999815
17.440000000000047	0.00014899999999999785
17.54000000000005	0.00013799999999999804
17.64000000000005	0.00013199999999999814
17.74000000000005	0.00012299999999999825
17.840000000000053	0.00011399999999999835
17.940000000000055	0.0001059999999999985
18.040000000000056	0.00011499999999999836
18.140000000000057	0.00011699999999999832
18.24000000000006	0.00012699999999999818
18.34000000000006	9.399999999999867e-05
18.44000000000006	0.00013599999999999807
18.540000000000063	0.00011799999999999831
18.640000000000065	0.00013599999999999807
18.740000000000066	0.00011799999999999831
18.840000000000067	0.0001059999999999985
18.94000000000007	9.599999999999863e-05
19.04000000000007	0.0001049999999999985
19.14000000000007	9.899999999999858e-05
19.240000000000073	0.00011499999999999836
19.340000000000074	7.999999999999885e-05
19.440000000000076	8.899999999999873e-05
19.540000000000077	0.0001199999999999983
19.64000000000008	0.00010699999999999847
19.74000000000008	0.00010899999999999845
19.84000000000008	9.79999999999986e-05
19.940000000000083	0.00010699999999999847
20.040000000000084	8.099999999999885e-05
20.140000000000086	8.699999999999875e-05
20.240000000000087	7.599999999999892e-05
20.34000000000009	7.999999999999887e-05
20.44000000000009	9.299999999999868e-05
20.54000000000009	8.799999999999875e-05
20.640000000000093	8.099999999999885e-05
20.740000000000094	9.199999999999869e-05
20.840000000000096	8.099999999999885e-05
20.940000000000097	7.69999999999989e-05
21.0400000000001	6.799999999999904e-05
21.1400000000001	6.599999999999907e-05
21.2400000000001	8.999999999999872e-05
21.340000000000103	8.599999999999877e-05
21.440000000000104	7.599999999999892e-05
21.540000000000106	6.399999999999909e-05
21.640000000000107	6.499999999999907e-05
21.74000000000011	8.999999999999872e-05
21.84000000000011	6.399999999999909e-05
21.94000000000011	7.499999999999892e-05
22.040000000000113	6.199999999999911e-05
22.140000000000114	6.799999999999904e-05
22.240000000000116	6.29999999999991e-05
22.340000000000117	5.59999999999992e-05
22.44000000000012	8.299999999999882e-05
22.54000000000012	6.699999999999904e-05
22.64000000000012	6.099999999999913e-05
22.740000000000123	7.499999999999892e-05
22.840000000000124	6.599999999999906e-05
22.940000000000126	7.799999999999889e-05
23.040000000000127	6.899999999999902e-05
23.14000000000013	5.999999999999915e-05
23.24000000000013	5.59999999999992e-05
23.34000000000013	5.59999999999992e-05
23.440000000000133	5.199999999999926e-05
23.540000000000134	6.499999999999906e-05
23.640000000000136	5.399999999999924e-05
23.740000000000137	5.299999999999925e-05
23.84000000000014	6.199999999999911e-05
23.94000000000014	4.799999999999932e-05
24.04000000000014	5.799999999999918e-05
24.140000000000143	5.899999999999916e-05
24.240000000000144	6.499999999999906e-05
24.340000000000146	6.29999999999991e-05
24.440000000000147	5.59999999999992e-05
24.54000000000015	6.099999999999913e-05
24.64000000000015	3.1999999999999545e-05
24.74000000000015	6.29999999999991e-05
24.840000000000153	5.299999999999925e-05
24.940000000000154	5.59999999999992e-05
25.040000000000155	4.799999999999932e-05
25.140000000000157	4.89999999999993e-05
25.24000000000016	4.1999999999999395e-05
25.34000000000016	5.199999999999926e-05
25.44000000000016	4.799999999999932e-05
25.540000000000163	3.999999999999943e-05
25.640000000000164	3.999999999999943e-05
25.740000000000165	3.8999999999999444e-05
25.840000000000167	5.799999999999918e-05
25.94000000000017	5.399999999999924e-05
26.04000000000017	4.1999999999999395e-05
26.14000000000017	4.499999999999936e-05
26.240000000000173	4.099999999999942e-05
26.340000000000174	4.099999999999942e-05
26.440000000000175	4.3999999999999375e-05
26.540000000000177	4.599999999999935e-05
26.640000000000178	2.9999999999999574e-05
26.74000000000018	4.2999999999999385e-05
26.84000000000018	4.3999999999999375e-05
26.940000000000182	4.2999999999999385e-05
27.040000000000184	2.9999999999999574e-05
27.140000000000185	3.4999999999999495e-05
27.240000000000187	4.5999999999999336e-05
27.340000000000188	3.399999999999952e-05
27.44000000000019	5.3999999999999225e-05
27.54000000000019	3.5999999999999486e-05
27.640000000000192	4.799999999999932e-05
27.740000000000194	3.4999999999999495e-05
27.840000000000195	3.4999999999999495e-05
27.940000000000197	3.4999999999999495e-05
28.040000000000198	3.399999999999952e-05
28.1400000000002	4.19999999999994e-05
28.2400000000002	3.0999999999999554e-05
28.340000000000202	3.699999999999947e-05
28.440000000000204	2.599999999999963e-05
28.540000000000205	4.19999999999994e-05
28.640000000000207	4.099999999999942e-05
28.740000000000208	2.599999999999963e-05
28.84000000000021	2.4999999999999642e-05
28.94000000000021	2.899999999999959e-05
29.040000000000212	3.0999999999999554e-05
29.140000000000214	3.0999999999999554e-05
29.240000000000215	3.6999999999999476e-05
29.340000000000217	3.299999999999953e-05
29.440000000000218	3.799999999999946e-05
29.54000000000022	3.999999999999943e-05
29.64000000000022	2.6999999999999613e-05
29.740000000000222	2.9999999999999574e-05
29.840000000000224	2.899999999999959e-05
29.940000000000225	3.4999999999999495e-05
30.040000000000227	3.799999999999946e-05
30.140000000000228	2.1999999999999688e-05
30.24000000000023	2.899999999999959e-05
30.34000000000023	2.399999999999966e-05
30.440000000000232	2.899999999999959e-05
30.540000000000234	3.2999999999999535e-05
30.640000000000235	2.299999999999967e-05
30.740000000000236	2.399999999999966e-05
30.840000000000238	1.9999999999999714e-05
30.94000000000024	2.1999999999999688e-05
31.04000000000024	2.4999999999999642e-05
31.140000000000242	2.1999999999999688e-05
31.240000000000244	2.09999999999997e-05
31.340000000000245	2.299999999999967e-05
31.440000000000246	2.899999999999959e-05
31.540000000000248	2.299999999999967e-05
31.64000000000025	2.9999999999999574e-05
31.74000000000025	2.09999999999997e-05
31.840000000000252	3.5999999999999486e-05
31.940000000000254	3.1999999999999545e-05
32.040000000000255	2.09999999999997e-05
32.140000000000256	2.1999999999999688e-05
32.24000000000026	3.0999999999999554e-05
32.34000000000026	2.299999999999967e-05
32.44000000000026	1.9999999999999714e-05
32.54000000000026	1.899999999999973e-05
32.64000000000026	1.9999999999999714e-05
32.740000000000265	2.899999999999959e-05
32.840000000000266	2.4999999999999642e-05
32.94000000000027	2.1999999999999688e-05
33.04000000000027	2.399999999999966e-05
33.14000000000027	2.399999999999966e-05
33.24000000000027	2.299999999999967e-05
33.34000000000027	2.299999999999967e-05
33.440000000000275	2.09999999999997e-05
33.540000000000276	2.1999999999999688e-05
33.64000000000028	2.79999999999996e-05
33.74000000000028	1.699999999999976e-05
33.84000000000028	1.5999999999999772e-05
33.94000000000028	2.09999999999997e-05
34.04000000000028	1.2999999999999815e-05
34.140000000000285	2.09999999999997e-05
34.240000000000286	1.5999999999999772e-05
34.34000000000029	1.899999999999973e-05
34.44000000000029	1.4999999999999787e-05
34.54000000000029	1.7999999999999743e-05
34.64000000000029	2.299999999999967e-05
34.74000000000029	2.6999999999999613e-05
34.840000000000295	1.4999999999999787e-05
34.940000000000296	8.999999999999871e-06
35.0400000000003	1.2999999999999815e-05
35.1400000000003	1.5999999999999772e-05
35.2400000000003	1.5999999999999772e-05
35.3400000000003	1.899999999999973e-05
35.4400000000003	2.1999999999999688e-05
35.540000000000305	1.199999999999983e-05
35.640000000000306	1.5999999999999772e-05
35.74000000000031	1.0999999999999844e-05
35.84000000000031	1.199999999999983e-05
35.94000000000031	1.199999999999983e-05
36.04000000000031	9.999999999999857e-06
36.14000000000031	1.699999999999976e-05
36.240000000000315	1.899999999999973e-05
36.340000000000316	1.7999999999999743e-05
36.44000000000032	2.1999999999999688e-05
36.54000000000032	1.39999999999998e-05
36.64000000000032	1.39999999999998e-05
36.74000000000032	1.7999999999999743e-05
36.84000000000032	1.899999999999973e-05
36.940000000000325	1.39999999999998e-05
37.040000000000326	1.2999999999999815e-05
37.14000000000033	1.2999999999999815e-05
37.24000000000033	1.5999999999999772e-05
37.34000000000033	1.699999999999976e-05
37.44000000000033	1.699999999999976e-05
37.54000000000033	1.0999999999999844e-05
37.640000000000335	1.0999999999999844e-05
37.740000000000336	7.999999999999886e-06
37.84000000000034	1.5999999999999772e-05
37.94000000000034	1.7999999999999743e-05
38.04000000000034	1.7999999999999743e-05
38.14000000000034	1.699999999999976e-05
38.24000000000034	1.4999999999999787e-05
38.340000000000344	1.39999999999998e-05
38.440000000000346	1.0999999999999844e-05
38.54000000000035	1.0999999999999844e-05
38.64000000000035	1.7999999999999743e-05
38.74000000000035	1.7999999999999743e-05
38.84000000000035	1.2999999999999815e-05
38.94000000000035	1.2999999999999815e-05
39.040000000000354	2.299999999999967e-05
39.140000000000356	1.2999999999999815e-05
39.24000000000036	1.4999999999999787e-05
39.34000000000036	1.4999999999999787e-05
39.44000000000036	1.199999999999983e-05
39.54000000000036	1.0999999999999844e-05
39.64000000000036	2.299999999999967e-05
39.740000000000364	1.2999999999999815e-05
39.840000000000366	9.999999999999857e-06
39.94000000000037	8.999999999999871e-06
40.04000000000037	1.4999999999999787e-05
40.14000000000037	1.5999999999999772e-05
40.24000000000037	1.2999999999999815e-05
40.34000000000037	1.4999999999999787e-05
40.440000000000374	7.999999999999886e-06
40.540000000000376	1.4999999999999787e-05
40.64000000000038	9.999999999999857e-06
40.74000000000038	6.9999999999999e-06
40.84000000000038	1.4999999999999787e-05
40.94000000000038	1.199999999999983e-05
41.04000000000038	5.999999999999915e-06
41.140000000000384	1.39999999999998e-05
41.240000000000386	1.5999999999999772e-05
41.34000000000039	1.5999999999999772e-05
41.44000000000039	8.999999999999871e-06
41.54000000000039	8.999999999999871e-06
41.64000000000039	1.0999999999999844e-05
41.74000000000039	9.999999999999857e-06
41.840000000000394	8.999999999999871e-06
41.940000000000396	1.0999999999999844e-05
42.0400000000004	1.199999999999983e-05
42.1400000000004	1.199999999999983e-05
42.2400000000004	1.199999999999983e-05
42.3400000000004	4.999999999999928e-06
42.4400000000004	8.999999999999871e-06
42.540000000000404	7.999999999999886e-06
42.640000000000406	9.999999999999857e-06
42.74000000000041	1.2999999999999815e-05
42.84000000000041	9.999999999999857e-06
42.94000000000041	1.0999999999999844e-05
43.04000000000041	8.999999999999871e-06
43.14000000000041	5.999999999999915e-06
43.240000000000414	1.0999999999999844e-05
43.340000000000416	7.999999999999886e-06
43.44000000000042	7.999999999999886e-06
43.54000000000042	6.9999999999999e-06
43.64000000000042	8.999999999999871e-06
43.74000000000042	4.999999999999928e-06
43.84000000000042	1.4999999999999787e-05
43.940000000000424	7.999999999999886e-06
44.040000000000425	9.999999999999857e-06
44.14000000000043	5.999999999999915e-06
44.24000000000043	7.999999999999886e-06
44.34000000000043	1.0999999999999844e-05
44.44000000000043	5.999999999999915e-06
44.54000000000043	7.999999999999886e-06
44.640000000000434	1.4999999999999787e-05
44.740000000000435	4.999999999999928e-06
44.84000000000044	4.999999999999928e-06
44.94000000000044	9.999999999999857e-06
45.04000000000044	5.999999999999915e-06
45.14000000000044	1.0999999999999844e-05
45.24000000000044	5.999999999999915e-06
45.340000000000444	9.999999999999857e-06
45.440000000000445	9.999999999999857e-06
45.54000000000045	8.999999999999871e-06
45.64000000000045	8.999999999999871e-06
45.74000000000045	7.999999999999886e-06
45.84000000000045	2.9999999999999573e-06
45.94000000000045	7.999999999999886e-06
46.040000000000454	3.999999999999943e-06
46.140000000000455	3.999999999999943e-06
46.24000000000046	3.999999999999943e-06
46.34000000000046	9.999999999999857e-06
46.44000000000046	9.999999999999857e-06
46.54000000000046	4.999999999999928e-06
46.64000000000046	4.999999999999928e-06
46.740000000000464	3.999999999999943e-06
46.840000000000465	3.999999999999943e-06
46.94000000000047	6.9999999999999e-06
47.04000000000047	7.999999999999886e-06
47.14000000000047	4.999999999999928e-06
47.24000000000047	1.199999999999983e-05
47.34000000000047	1.0999999999999844e-05
47.440000000000474	9.999999999999857e-06
47.540000000000475	8.999999999999871e-06
47.64000000000048	1.0999999999999844e-05
47.74000000000048	3.999999999999943e-06
47.84000000000048	3.999999999999943e-06
47.94000000000048	1.0999999999999844e-05
48.04000000000048	8.999999999999871e-06
48.140000000000484	2.9999999999999573e-06
48.240000000000485	3.999999999999943e-06
48.34000000000049	6.9999999999999e-06
48.44000000000049	3.999999999999943e-06
48.54000000000049	1.0999999999999844e-05
48.64000000000049	5.999999999999915e-06
48.74000000000049	7.999999999999886e-06
48.840000000000494	1.199999999999983e-05
48.940000000000495	7.999999999999886e-06
49.0400000000005	5.999999999999915e-06
49.1400000000005	6.9999999999999e-06
49.2400000000005	4.999999999999928e-06
49.3400000000005	4.999999999999928e-06
49.4400000000005	6.9999999999999e-06
49.540000000000504	1.9999999999999715e-06
49.640000000000505	6.9999999999999e-06
49.74000000000051	6.9999999999999e-06
49.84000000000051	4.999999999999928e-06
49.94000000000051	5.999999999999915e-06
50.04000000000051	5.999999999999915e-06
50.14000000000051	8.999999999999871e-06
50.240000000000514	6.9999999999999e-06
50.340000000000515	7.999999999999886e-06
50.440000000000516	6.9999999999999e-06
50.54000000000052	5.999999999999915e-06
50.64000000000052	5.999999999999915e-06
50.74000000000052	4.999999999999928e-06
50.84000000000052	4.999999999999928e-06
50.94000000000052	7.999999999999886e-06
51.040000000000525	7.999999999999886e-06
51.140000000000526	4.999999999999928e-06
51.24000000000053	4.999999999999928e-06
51.34000000000053	8.999999999999871e-06
51.44000000000053	4.999999999999928e-06
51.54000000000053	6.9999999999999e-06
51.64000000000053	1.0999999999999844e-05
51.740000000000535	1.0999999999999844e-05
51.840000000000536	2.9999999999999573e-06
51.94000000000054	4.999999999999928e-06
52.04000000000054	5.999999999999915e-06
52.14000000000054	7.999999999999886e-06
52.24000000000054	4.999999999999928e-06
52.34000000000054	7.999999999999886e-06
52.440000000000545	5.999999999999915e-06
52.540000000000546	6.9999999999999e-06
52.64000000000055	1.199999999999983e-05
52.74000000000055	9.999999999999857e-06
52.84000000000055	1.199999999999983e-05
52.94000000000055	3.999999999999943e-06
53.04000000000055	7.999999999999886e-06
53.140000000000555	1.0999999999999844e-05
53.240000000000556	2.9999999999999573e-06
53.34000000000056	5.999999999999915e-06
53.44000000000056	7.999999999999886e-06
53.54000000000056	7.999999999999886e-06
53.64000000000056	6.9999999999999e-06
53.74000000000056	7.999999999999886e-06
53.840000000000565	6.9999999999999e-06
53.940000000000566	6.9999999999999e-06
54.04000000000057	6.9999999999999e-06
54.14000000000057	8.999999999999871e-06
54.24000000000057	7.999999999999886e-06
54.34000000000057	8.999999999999871e-06
54.44000000000057	1.4999999999999787e-05
54.540000000000575	6.9999999999999e-06
54.640000000000576	1.199999999999983e-05
54.74000000000058	7.999999999999886e-06
54.84000000000058	8.999999999999871e-06
54.94000000000058	6.9999999999999e-06
55.04000000000058	8.999999999999871e-06
55.14000000000058	1.0999999999999844e-05
55.240000000000585	7.999999999999886e-06
55.340000000000586	1.0999999999999844e-05
55.44000000000059	9.999999999999857e-06
55.54000000000059	1.199999999999983e-05
55.64000000000059	8.999999999999871e-06
55.74000000000059	1.2999999999999815e-05
55.84000000000059	9.999999999999857e-06
55.940000000000595	6.9999999999999e-06
56.040000000000596	9.999999999999857e-06
56.1400000000006	5.999999999999915e-06
56.2400000000006	2.9999999999999573e-06
56.3400000000006	1.0999999999999844e-05
56.4400000000006	1.2999999999999815e-05
56.5400000000006	1.0999999999999844e-05
56.640000000000605	3.999999999999943e-06
56.740000000000606	6.9999999999999e-06
56.84000000000061	8.999999999999871e-06
56.94000000000061	1.5999999999999772e-05
57.04000000000061	6.9999999999999e-06
57.14000000000061	1.2999999999999815e-05
57.24000000000061	7.999999999999886e-06
57.340000000000614	2.9999999999999573e-06
57.440000000000616	3.999999999999943e-06
57.54000000000062	1.2999999999999815e-05
57.64000000000062	1.199999999999983e-05
57.74000000000062	4.999999999999928e-06
57.84000000000062	9.999999999999857e-06
57.94000000000062	1.2999999999999815e-05
58.040000000000624	1.899999999999973e-05
58.140000000000626	1.199999999999983e-05
58.24000000000063	1.0999999999999844e-05
58.34000000000063	6.9999999999999e-06
58.44000000000063	9.999999999999857e-06
58.54000000000063	4.999999999999928e-06
58.64000000000063	6.9999999999999e-06
58.740000000000634	6.9999999999999e-06
58.840000000000636	8.999999999999871e-06
58.94000000000064	5.999999999999915e-06
59.04000000000064	1.2999999999999815e-05
59.14000000000064	4.999999999999928e-06
59.24000000000064	4.999999999999928e-06
59.340000000000636	1.2000000000000681e-05
59.44000000000063	5.000000000000284e-06
59.540000000000624	7.000000000000398e-06
59.64000000000062	6.000000000000341e-06
59.74000000000061	6.000000000000341e-06
59.84000000000061	1.0000000000000568e-05
59.9400000000006	5.000000000000284e-06
60.040000000000596	1.3000000000000738e-05
60.14000000000059	9.000000000000512e-06
60.240000000000585	1.3000000000000738e-05
60.34000000000058	1.3000000000000738e-05
60.44000000000057	8.000000000000454e-06
60.54000000000057	9.000000000000512e-06
60.64000000000056	1.1000000000000625e-05
60.740000000000556	1.2000000000000681e-05
60.84000000000055	7.000000000000398e-06
60.940000000000545	9.000000000000512e-06
61.04000000000054	9.000000000000512e-06
61.14000000000053	7.000000000000398e-06
61.24000000000053	1.3000000000000738e-05
61.34000000000052	1.3000000000000738e-05
61.440000000000516	8.000000000000454e-06
61.54000000000051	9.000000000000512e-06
61.640000000000505	1.1000000000000625e-05
61.7400000000005	1.0000000000000568e-05
61.840000000000494	8.000000000000454e-06
61.94000000000049	4.000000000000227e-06
62.04000000000048	8.000000000000454e-06
62.14000000000048	6.000000000000341e-06
62.24000000000047	1.0000000000000568e-05
62.340000000000465	1.5000000000000852e-05
62.44000000000046	9.000000000000512e-06
62.540000000000454	1.1000000000000625e-05
62.64000000000045	9.000000000000512e-06
62.74000000000044	1.0000000000000568e-05
62.84000000000044	1.1000000000000625e-05
62.94000000000043	1.3000000000000738e-05
63.040000000000425	8.000000000000454e-06
63.14000000000042	1.1000000000000625e-05
63.240000000000414	6.000000000000341e-06
63.34000000000041	6.000000000000341e-06
63.4400000000004	7.000000000000398e-06
63.5400000000004	4.000000000000227e-06
63.64000000000039	4.000000000000227e-06
63.740000000000386	1.0000000000000568e-05
63.84000000000038	1.1000000000000625e-05
63.940000000000374	5.000000000000284e-06
64.04000000000036	6.000000000000341e-06
64.14000000000036	8.000000000000454e-06
64.24000000000035	7.000000000000398e-06
64.34000000000034	1.0000000000000568e-05
64.44000000000034	4.000000000000227e-06
64.54000000000033	5.000000000000284e-06
64.64000000000033	8.000000000000454e-06
64.74000000000032	9.000000000000512e-06
64.84000000000032	1.0000000000000568e-05
64.94000000000031	1.4000000000000796e-05
65.0400000000003	9.000000000000512e-06
65.1400000000003	9.000000000000512e-06
65.2400000000003	2.0000000000001134e-06
65.34000000000029	8.000000000000454e-06
65.44000000000028	1.0000000000000568e-05
65.54000000000028	6.000000000000341e-06
65.64000000000027	4.000000000000227e-06
65.74000000000026	9.000000000000512e-06
65.84000000000026	5.000000000000284e-06
65.94000000000025	7.000000000000398e-06
66.04000000000025	7.000000000000398e-06
66.14000000000024	4.000000000000227e-06
66.24000000000024	6.000000000000341e-06
66.34000000000023	3.0000000000001703e-06
66.44000000000023	4.000000000000227e-06
66.54000000000022	6.000000000000341e-06
66.64000000000021	3.0000000000001703e-06
66.74000000000021	7.000000000000398e-06
66.8400000000002	5.000000000000284e-06
66.9400000000002	6.000000000000341e-06
67.04000000000019	5.000000000000284e-06
67.14000000000019	5.000000000000284e-06
67.24000000000018	4.000000000000227e-06
67.34000000000017	4.000000000000227e-06
67.44000000000017	6.000000000000341e-06
67.54000000000016	2.0000000000001134e-06
67.64000000000016	4.000000000000227e-06
67.74000000000015	1.0000000000000567e-06
67.84000000000015	4.000000000000227e-06
67.94000000000014	4.000000000000227e-06
68.04000000000013	4.000000000000227e-06
68.14000000000013	2.0000000000001134e-06
68.24000000000012	6.000000000000341e-06
68.34000000000012	2.0000000000001134e-06
68.44000000000011	1.0000000000000567e-06
68.5400000000001	1.0000000000000567e-06
68.6400000000001	4.000000000000227e-06
68.7400000000001	6.000000000000341e-06
68.84000000000009	3.0000000000001703e-06
68.94000000000008	5.000000000000284e-06
69.04000000000008	0.0
69.14000000000007	4.000000000000227e-06
69.24000000000007	0.0
69.34000000000006	4.000000000000227e-06
69.44000000000005	3.0000000000001703e-06
69.54000000000005	2.0000000000001134e-06
69.64000000000004	0.0
69.74000000000004	0.0
69.84000000000003	3.0000000000001703e-06
69.94000000000003	1.0000000000000567e-06
70.04000000000002	0.0
70.14000000000001	2.0000000000001134e-06
70.24000000000001	3.0000000000001703e-06
70.34	0.0
70.44	1.0000000000000567e-06
70.53999999999999	3.0000000000001703e-06
70.63999999999999	2.0000000000001134e-06
70.73999999999998	2.0000000000001134e-06
70.83999999999997	1.0000000000000567e-06
70.93999999999997	2.0000000000001134e-06
71.03999999999996	2.0000000000001134e-06
71.13999999999996	3.0000000000001703e-06
71.23999999999995	4.000000000000227e-06
71.33999999999995	9.000000000000512e-06
71.43999999999994	3.0000000000001703e-06
71.53999999999994	5.000000000000284e-06
71.63999999999993	4.000000000000227e-06
71.73999999999992	4.000000000000227e-06
71.83999999999992	4.000000000000227e-06
71.93999999999991	5.000000000000284e-06
72.0399999999999	5.000000000000284e-06
72.1399999999999	6.000000000000341e-06
72.2399999999999	3.0000000000001703e-06
72.33999999999989	8.000000000000454e-06
72.43999999999988	7.000000000000398e-06
72.53999999999988	0.0
72.63999999999987	3.0000000000001703e-06
72.73999999999987	6.000000000000341e-06
72.83999999999986	8.000000000000454e-06
72.93999999999986	5.000000000000284e-06
73.03999999999985	7.000000000000398e-06
73.13999999999984	4.000000000000227e-06
73.23999999999984	7.000000000000398e-06
73.33999999999983	9.000000000000512e-06
73.43999999999983	5.000000000000284e-06
73.53999999999982	6.000000000000341e-06
73.63999999999982	4.000000000000227e-06
73.73999999999981	4.000000000000227e-06
73.8399999999998	3.0000000000001703e-06
73.9399999999998	8.000000000000454e-06
74.0399999999998	5.000000000000284e-06
74.13999999999979	1.1000000000000625e-05
74.23999999999978	1.2000000000000681e-05
74.33999999999978	1.2000000000000681e-05
74.43999999999977	1.8000000000001024e-05
74.53999999999976	7.000000000000398e-06
74.63999999999976	5.000000000000284e-06
74.73999999999975	1.5000000000000852e-05
74.83999999999975	8.000000000000454e-06
74.93999999999974	1.3000000000000738e-05
75.03999999999974	1.2000000000000681e-05
75.13999999999973	9.000000000000512e-06
75.23999999999972	1.0000000000000568e-05
75.33999999999972	1.0000000000000568e-05
75.43999999999971	3.0000000000001703e-06
75.53999999999971	8.000000000000454e-06
75.6399999999997	4.000000000000227e-06
75.7399999999997	1.2000000000000681e-05
75.83999999999969	5.000000000000284e-06
75.93999999999969	5.000000000000284e-06
76.03999999999968	9.000000000000512e-06
76.13999999999967	1.2000000000000681e-05
76.23999999999967	4.000000000000227e-06
76.33999999999966	1.0000000000000567e-06
76.43999999999966	1.0000000000000568e-05
76.53999999999965	5.000000000000284e-06
76.63999999999965	7.000000000000398e-06
76.73999999999964	4.000000000000227e-06
76.83999999999963	5.000000000000284e-06
76.93999999999963	6.000000000000341e-06
77.03999999999962	3.0000000000001703e-06
77.13999999999962	5.000000000000284e-06
77.23999999999961	3.0000000000001703e-06
77.3399999999996	2.0000000000001134e-06
77.4399999999996	4.000000000000227e-06
77.5399999999996	3.0000000000001703e-06
77.63999999999959	3.0000000000001703e-06
77.73999999999958	7.000000000000398e-06
77.83999999999958	1.0000000000000567e-06
77.93999999999957	8.000000000000454e-06
78.03999999999957	7.000000000000398e-06
78.13999999999956	6.000000000000341e-06
78.23999999999955	1.4000000000000796e-05
78.33999999999955	1.7000000000000965e-05
78.43999999999954	1.5000000000000852e-05
78.53999999999954	1.6000000000000907e-05
78.63999999999953	1.900000000000108e-05
78.73999999999953	1.5000000000000852e-05
78.83999999999952	1.5000000000000852e-05
78.93999999999951	1.6000000000000907e-05
79.03999999999951	1.900000000000108e-05
79.1399999999995	6.000000000000341e-06
79.2399999999995	1.1000000000000625e-05
79.33999999999949	8.000000000000454e-06
79.43999999999949	9.000000000000512e-06
79.53999999999948	7.000000000000398e-06
79.63999999999947	9.000000000000512e-06
79.73999999999947	8.000000000000454e-06
79.83999999999946	1.2000000000000681e-05
79.93999999999946	3.0000000000001703e-06
80.03999999999945	4.000000000000227e-06
80.13999999999945	1.1000000000000625e-05
80.23999999999944	7.000000000000398e-06
80.33999999999943	2.500000000000142e-05
80.43999999999943	1.3000000000000738e-05
80.53999999999942	1.900000000000108e-05
80.63999999999942	2.3000000000001308e-05
80.73999999999941	3.0000000000001705e-05
80.8399999999994	2.0000000000001137e-05
80.9399999999994	1.4000000000000796e-05
81.0399999999994	1.5000000000000852e-05
81.13999999999939	2.6000000000001476e-05
81.23999999999938	2.200000000000125e-05
81.33999999999938	2.200000000000125e-05
81.43999999999937	1.6000000000000907e-05
81.53999999999937	2.8000000000001592e-05
81.63999999999936	1.6000000000000907e-05
81.73999999999936	2.500000000000142e-05
81.83999999999935	2.200000000000125e-05
81.93999999999934	1.8000000000001024e-05
82.03999999999934	2.8000000000001592e-05
82.13999999999933	1.7000000000000965e-05
82.23999999999933	1.6000000000000907e-05
82.33999999999932	2.500000000000142e-05
82.43999999999932	2.4000000000001363e-05
82.53999999999931	2.0000000000001137e-05
82.6399999999993	1.6000000000000907e-05
82.7399999999993	2.4000000000001363e-05
82.83999999999929	1.900000000000108e-05
82.93999999999929	2.8000000000001592e-05
83.03999999999928	2.6000000000001476e-05
83.13999999999928	1.4000000000000796e-05
83.23999999999927	2.3000000000001308e-05
83.33999999999926	2.4000000000001363e-05
83.43999999999926	2.500000000000142e-05
83.53999999999925	1.5000000000000852e-05
83.63999999999925	1.3000000000000738e-05
83.73999999999924	2.200000000000125e-05
83.83999999999924	1.6000000000000907e-05
83.93999999999923	1.5000000000000852e-05
84.03999999999922	1.4000000000000796e-05
84.13999999999922	8.000000000000454e-06
84.23999999999921	8.000000000000454e-06
84.33999999999921	1.1000000000000625e-05
84.4399999999992	3.0000000000001703e-06
84.5399999999992	1.1000000000000625e-05
84.63999999999919	4.000000000000227e-06
84.73999999999918	3.0000000000001703e-06
84.83999999999918	6.000000000000341e-06
84.93999999999917	5.000000000000284e-06
85.03999999999917	0.0
85.13999999999916	2.0000000000001134e-06
85.23999999999916	4.000000000000227e-06
85.33999999999915	2.0000000000001134e-06
85.43999999999915	3.0000000000001703e-06
85.53999999999914	4.000000000000227e-06
85.63999999999913	2.0000000000001134e-06
85.73999999999913	3.0000000000001703e-06
85.83999999999912	1.0000000000000567e-06
85.93999999999912	0.0
86.03999999999911	0.0
86.1399999999991	0.0
86.2399999999991	0.0
86.3399999999991	0.0
86.43999999999909	0.0
86.53999999999908	0.0
86.63999999999908	0.0
86.73999999999907	0.0
86.83999999999907	0.0
86.93999999999906	0.0
87.03999999999905	0.0
87.13999999999905	0.0
87.23999999999904	0.0
87.33999999999904	0.0
87.43999999999903	0.0
87.53999999999903	0.0
87.63999999999902	0.0
87.73999999999901	0.0
87.83999999999901	0.0
87.939999999999	0.0
88.039999999999	0.0
88.13999999999899	0.0
88.23999999999899	0.0
88.33999999999898	0.0
88.43999999999897	0.0
88.53999999999897	0.0
88.63999999999896	0.0
88.73999999999896	0.0
88.83999999999895	0.0
88.93999999999895	0.0
89.03999999999894	0.0
89.13999999999893	0.0
89.23999999999893	0.0
89.33999999999892	0.0
89.43999999999892	0.0
89.53999999999891	0.0
89.6399999999989	0.0
89.7399999999989	0.0
89.8399999999989	0.0
89.93999999999889	0.0
90.03999999999888	0.0
90.13999999999888	0.0
90.23999999999887	0.0
90.33999999999887	0.0
90.43999999999886	0.0
90.53999999999886	0.0
90.63999999999885	0.0
90.73999999999884	0.0
90.83999999999884	0.0
90.93999999999883	0.0
91.03999999999883	0.0
91.13999999999882	0.0
91.23999999999882	0.0
91.33999999999881	0.0
91.4399999999988	0.0
91.5399999999988	0.0
91.63999999999879	0.0
91.73999999999879	0.0
91.83999999999878	0.0
91.93999999999878	0.0
92.03999999999877	0.0
92.13999999999876	0.0
92.23999999999876	0.0
92.33999999999875	0.0
92.43999999999875	0.0
92.53999999999874	0.0
92.63999999999874	0.0
92.73999999999873	0.0
92.83999999999872	0.0
92.93999999999872	0.0
93.03999999999871	0.0
93.13999999999871	0.0
93.2399999999987	0.0
93.3399999999987	0.0
93.43999999999869	0.0
93.53999999999868	0.0
93.63999999999868	0.0
93.73999999999867	0.0
93.83999999999867	0.0
93.93999999999866	0.0
94.03999999999866	0.0
94.13999999999865	0.0
94.23999999999864	0.0
94.33999999999864	0.0
94.43999999999863	0.0
94.53999999999863	0.0
94.63999999999862	0.0
94.73999999999862	0.0
94.83999999999861	0.0
94.9399999999986	0.0
95.0399999999986	0.0
95.1399999999986	0.0
95.23999999999859	0.0
95.33999999999858	0.0
95.43999999999858	0.0
95.53999999999857	0.0
95.63999999999857	0.0
95.73999999999856	0.0
95.83999999999855	0.0
95.93999999999855	0.0
96.03999999999854	0.0
96.13999999999854	0.0
96.23999999999853	0.0
96.33999999999853	0.0
96.43999999999852	0.0
96.53999999999851	0.0
96.63999999999851	0.0
96.7399999999985	0.0
96.8399999999985	0.0
96.93999999999849	0.0
97.03999999999849	0.0
97.13999999999848	0.0
97.23999999999847	0.0
97.33999999999847	0.0
97.43999999999846	0.0
97.53999999999846	0.0
97.63999999999845	0.0
97.73999999999845	0.0
97.83999999999844	0.0
97.93999999999843	0.0
98.03999999999843	0.0
98.13999999999842	0.0
98.23999999999842	0.0
98.33999999999841	0.0
98.4399999999984	0.0
98.5399999999984	0.0
98.6399999999984	0.0
98.73999999999839	0.0
98.83999999999838	0.0
98.93999999999838	0.0
99.03999999999837	0.0
99.13999999999837	0.0
99.23999999999836	0.0
99.33999999999835	0.0
99.43999999999835	0.0
99.53999999999834	0.0
99.63999999999834	0.0
99.73999999999833	0.0
99.83999999999833	0.0
99.93999999999832	0.0
100.03999999999832	0.0
100.13999999999831	0.0
100.2399999999983	0.0
100.3399999999983	0.0
100.43999999999829	0.0
100.53999999999829	0.0
100.63999999999828	0.0
100.73999999999828	0.0
100.83999999999827	0.0
100.93999999999826	0.0
101.03999999999826	0.0
101.13999999999825	0.0
101.23999999999825	0.0
101.33999999999824	0.0
101.43999999999824	0.0
101.53999999999823	0.0
101.63999999999822	0.0
101.73999999999822	0.0
101.83999999999821	0.0
101.93999999999821	0.0
102.0399999999982	0.0
102.1399999999982	0.0
102.23999999999819	0.0
102.33999999999818	0.0
102.43999999999818	0.0
102.53999999999817	0.0
102.63999999999817	0.0
102.73999999999816	0.0
102.83999999999816	0.0
102.93999999999815	0.0
103.03999999999814	0.0
103.13999999999814	0.0
103.23999999999813	0.0
103.33999999999813	0.0
103.43999999999812	0.0
103.53999999999812	0.0
103.63999999999811	0.0
103.7399999999981	0.0
103.8399999999981	0.0
103.9399999999981	0.0
104.03999999999809	0.0
104.13999999999808	0.0
104.23999999999808	0.0
104.33999999999807	0.0
104.43999999999807	0.0
104.53999999999806	0.0
104.63999999999805	0.0
104.73999999999805	0.0
104.83999999999804	0.0
104.93999999999804	0.0
105.03999999999803	0.0
105.13999999999803	0.0
105.23999999999802	0.0
